c ids of sdd nodes start at 0
c sdd nodes appear bottom-up, children before parents
c
c file syntax:
c sdd count-of-sdd-nodes
c F id-of-false-sdd-node
c T id-of-true-sdd-node
c L id-of-literal-sdd-node id-of-vtree literal
c D id-of-decomposition-sdd-node id-of-vtree number-of-elements {id-of-prime id-of-sub}*
c
sdd 111
L 1 4 -27
L 5 8 -17
L 6 10 -18
L 7 8 17
F 8
D 4 9 2 5 6 7 8
L 9 16 -21
L 11 10 18
T 12
D 10 9 2 5 11 7 12
D 3 15 2 4 9 10 8
L 14 38 -47
L 16 76 -3
L 18 110 -14
L 19 124 -54
L 20 110 14
D 17 115 2 18 19 20 8
L 21 76 3
D 15 99 2 16 17 21 8
L 22 38 47
D 13 39 2 14 15 22 12
D 24 9 2 7 6 5 8
D 25 9 2 7 11 5 12
D 23 15 2 24 9 25 8
L 29 98 33
D 28 89 2 21 29 16 8
L 31 98 -33
D 30 89 2 21 31 16 8
D 27 99 3 16 17 28 19 30 8
D 26 39 2 14 27 22 12
D 33 9 2 7 11 5 8
D 34 9 2 7 6 5 12
D 32 15 2 33 9 34 8
D 37 89 2 21 31 16 12
D 36 99 2 28 19 37 8
D 35 39 2 14 36 22 12
L 39 16 21
D 38 15 2 7 39 5 8
L 42 70 65
L 44 80 -1
L 45 92 30
L 46 80 1
D 43 89 2 44 45 46 8
L 48 66 63
L 49 70 -65
L 50 66 -63
D 47 67 2 48 49 50 8
D 51 67 2 50 49 48 8
D 41 73 3 42 43 47 12 51 8
D 40 39 2 14 41 22 12
D 52 15 2 5 39 7 8
L 56 74 2
L 57 96 32
L 58 74 -2
D 55 89 2 56 57 58 8
L 60 116 50
D 59 115 2 18 60 20 8
D 61 89 2 58 57 56 8
D 62 115 2 18 60 20 12
L 64 96 -32
D 63 89 2 21 64 16 8
L 65 118 51
D 66 89 2 16 64 21 8
D 54 99 4 55 59 61 62 63 65 66 12
D 53 39 2 14 54 22 12
D 68 9 2 5 11 7 8
D 69 9 2 5 6 7 12
D 67 15 2 68 9 69 8
D 2 23 6 3 13 23 26 32 35 38 40 52 53 67 22
L 70 4 27
D 72 15 2 7 9 5 8
L 74 32 49
L 76 40 -34
L 79 124 54
L 80 130 57
D 78 127 2 79 80 19 12
D 77 99 2 42 78 49 80
L 81 40 34
L 84 130 -57
D 83 127 2 19 84 79 8
D 82 99 2 42 83 49 8
D 75 55 2 76 77 81 82
L 85 32 -49
L 88 126 -55
D 87 99 2 46 88 44 12
D 86 55 2 81 87 76 8
D 73 39 2 74 75 85 86
L 91 34 48
L 92 34 -48
D 90 35 2 91 14 92 8
L 95 104 11
L 96 126 55
L 97 104 -11
D 94 115 2 95 96 97 12
D 98 75 2 58 21 56 8
L 99 128 56
D 101 79 2 16 44 21 8
D 100 75 2 58 101 56 8
D 103 79 2 16 46 21 8
D 102 75 2 58 103 56 8
D 93 99 4 56 94 98 99 100 12 102 8
D 104 35 2 91 22 92 8
D 105 99 2 56 94 58 12
D 106 35 2 92 14 91 8
D 108 75 2 58 101 56 12
D 107 99 3 98 99 108 12 102 8
D 109 35 2 92 22 91 8
D 89 39 4 90 93 104 105 106 107 109 12
D 110 15 2 5 9 7 8
D 71 23 4 72 35 38 73 52 89 110 22
D 0 7 2 1 2 70 71
