c ids of sdd nodes start at 0
c sdd nodes appear bottom-up, children before parents
c
c file syntax:
c sdd count-of-sdd-nodes
c F id-of-false-sdd-node
c T id-of-true-sdd-node
c L id-of-literal-sdd-node id-of-vtree literal
c D id-of-decomposition-sdd-node id-of-vtree number-of-elements {id-of-prime id-of-sub}*
c
sdd 762
L 3 442 -760
L 4 500 -789
L 5 442 760
F 6
D 2 469 2 3 4 5 6
L 10 818 4
L 12 830 -52
L 13 864 -13
L 14 830 52
D 11 861 2 12 13 14 6
L 15 818 -4
D 9 819 2 10 11 15 6
L 16 886 40
L 19 864 13
T 20
D 18 861 2 12 19 14 20
D 17 819 2 10 18 15 20
D 8 871 2 9 16 17 6
L 21 1604 -534
L 23 886 -40
D 22 871 2 9 23 17 20
D 7 1075 2 8 21 22 6
L 25 500 789
D 24 469 2 3 25 5 20
D 1 537 2 2 7 24 6
L 27 1696 -849
L 30 1990 -983
L 32 2000 -988
L 33 2006 -996
L 34 2000 988
D 31 2003 2 32 33 34 20
L 35 1990 983
D 29 1999 2 30 31 35 6
L 37 2022 1012
L 38 2114 1058
L 39 2022 -1012
D 36 2085 2 37 38 39 20
L 42 2006 996
D 41 2003 2 32 42 34 6
D 40 1999 2 30 41 35 6
L 45 2134 1068
L 46 2114 -1058
D 44 2119 2 38 45 46 20
D 47 2119 2 38 45 46 6
D 43 2085 2 39 44 37 47
D 48 2085 2 39 46 37 6
D 28 2017 3 29 36 40 43 35 48
L 49 1696 849
D 52 2003 2 34 42 32 6
D 51 1999 2 30 52 35 6
D 53 1999 2 30 33 35 20
D 50 2017 3 51 36 40 43 53 48
D 26 1883 2 27 28 49 50
L 57 766 -249
D 58 871 2 9 23 17 6
L 59 766 249
D 56 807 2 57 58 59 6
L 62 1188 -326
L 64 1292 -378
L 65 1314 -389
L 66 1292 378
D 63 1309 2 64 65 66 6
L 67 1188 326
D 61 1209 2 62 63 67 6
L 68 1366 -415
L 71 1314 389
D 70 1309 2 64 71 66 20
D 69 1209 2 62 70 67 20
D 60 1343 2 61 68 69 6
D 73 861 2 14 13 12 6
D 72 819 2 10 73 15 6
D 76 819 2 10 19 15 20
D 75 871 3 9 16 76 20 72 6
D 78 861 2 14 19 12 20
D 77 819 2 10 78 15 20
D 74 807 2 57 75 59 77
D 55 1075 3 56 60 72 20 74 6
D 54 537 2 4 55 25 6
D 80 2017 3 40 44 35 46 29 20
D 81 2017 3 40 44 53 46 51 20
D 79 1883 2 27 80 49 81
D 86 861 2 12 19 14 6
D 85 819 2 10 86 15 6
D 88 861 2 12 13 14 20
D 87 819 2 10 88 15 20
D 84 871 2 85 23 87 6
D 83 807 2 57 84 59 6
L 92 1102 283
L 93 1102 -283
D 91 1141 2 92 62 93 6
D 94 1141 2 92 67 93 20
D 90 1209 2 91 63 94 6
D 95 1209 2 91 70 94 20
D 89 1343 2 90 68 95 6
D 97 861 2 14 19 12 6
D 96 819 2 10 97 15 6
D 100 819 2 10 13 15 20
D 99 871 3 85 16 100 20 96 6
D 102 861 2 14 13 12 20
D 101 819 2 10 102 15 20
D 98 807 2 57 99 59 101
D 82 1075 3 83 89 96 92 98 6
D 104 469 2 3 25 5 6
D 105 469 2 3 4 5 20
D 103 537 2 104 7 105 6
D 110 1141 2 93 62 92 6
D 111 1141 2 93 67 92 20
D 109 1209 2 110 63 111 6
D 112 1209 2 110 70 111 20
D 108 1343 2 109 68 112 6
D 107 1075 3 83 108 96 93 98 6
D 115 819 2 10 12 15 20
D 117 819 2 10 12 15 6
D 118 819 2 10 14 15 6
D 116 871 3 117 16 15 20 118 6
D 114 807 2 59 115 57 116
D 113 1075 5 83 108 56 60 96 93 72 20 114 6
D 106 537 2 4 107 25 113
L 122 1366 415
D 121 1343 2 61 122 69 20
L 123 1604 534
D 124 807 2 59 58 57 6
D 120 1075 4 56 121 8 123 124 20 17 6
D 125 469 2 5 4 3 6
D 127 807 2 57 8 59 9
D 126 1075 3 56 121 127 20 17 6
D 119 537 3 2 120 125 126 25 6
D 129 2017 3 40 47 29 38 35 6
D 130 2017 3 40 47 51 38 53 6
D 128 1883 2 27 129 49 130
D 134 1141 2 92 67 93 6
D 133 1209 3 91 70 134 20 93 6
D 132 1343 3 90 122 133 20 93 6
D 136 871 2 85 16 87 6
D 135 807 2 57 136 59 85
D 131 1075 3 83 132 135 92 87 6
D 141 1141 2 93 67 92 6
D 140 1209 3 110 70 141 20 92 6
D 139 1343 3 109 122 140 20 92 6
D 142 819 2 10 14 15 20
D 138 1075 6 83 139 56 121 8 123 135 93 124 20 142 6
D 143 469 2 5 25 3 6
D 144 1075 5 83 139 56 121 135 93 127 20 142 6
D 145 1075 3 83 139 135 93 87 6
D 137 537 3 104 138 143 144 4 145
L 149 810 10
L 151 816 -3
L 152 816 3
D 150 817 2 151 15 152 6
L 153 810 -10
D 148 815 2 149 150 153 6
L 156 824 -7
L 157 846 60
L 158 824 7
D 155 843 2 156 157 158 20
L 160 862 1
L 161 862 -1
D 159 863 2 160 19 161 20
L 163 846 -60
D 162 843 2 156 163 158 6
D 164 863 2 160 19 161 6
D 154 861 2 155 159 162 164
D 166 817 2 151 10 152 20
D 165 815 2 149 166 153 20
D 147 819 2 148 154 165 6
L 169 874 -47
L 170 884 -39
L 171 874 47
D 168 881 2 169 170 171 6
L 173 890 2
L 176 1026 -34
L 177 1042 29
L 178 1026 34
D 175 1033 2 176 177 178 20
L 180 1048 -32
L 181 1068 -42
L 182 1048 32
D 179 1051 2 180 181 182 6
L 184 1042 -29
D 183 1033 2 176 184 178 6
D 174 1045 2 175 179 183 6
L 185 890 -2
D 172 959 2 173 174 185 6
L 187 884 39
D 186 881 2 169 187 171 20
D 167 889 2 168 172 186 6
D 190 863 2 160 13 161 20
D 191 863 2 160 13 161 6
D 189 861 2 162 190 155 191
D 188 819 2 148 189 165 20
D 146 871 2 147 167 188 6
L 194 1952 1002
L 196 1968 976
L 197 1968 -976
D 195 1975 2 196 34 197 6
L 198 1952 -1002
D 193 1967 2 194 195 198 6
L 199 2118 -1060
L 201 1972 -978
D 200 1967 2 198 201 194 6
L 202 2076 1039
D 203 1967 2 194 197 198 6
D 205 1975 2 196 32 197 6
L 206 1972 978
D 204 1967 2 194 205 198 206
D 192 2017 4 193 199 200 202 203 20 204 6
L 208 110 -594
L 210 676 -204
D 213 881 2 171 170 169 6
D 214 881 2 171 187 169 20
D 212 889 2 213 175 214 6
D 211 871 2 147 212 188 6
L 215 676 204
D 209 807 2 210 211 215 6
L 216 110 594
D 207 537 2 208 209 216 6
L 220 1986 -981
L 221 1998 -987
L 222 1986 981
D 219 1991 2 220 221 222 6
D 218 1967 2 198 219 194 6
L 224 2026 -1014
L 225 2136 1069
L 226 2026 1014
D 223 2085 2 224 225 226 20
L 229 1998 987
D 228 1991 2 220 229 222 20
D 227 1967 2 198 228 194 6
D 230 1967 2 194 205 198 6
D 217 2017 5 218 223 193 199 227 226 203 20 230 6
D 232 819 2 148 164 165 6
L 235 952 -131
D 237 1033 2 176 177 178 6
L 238 1074 45
D 236 1045 3 237 238 178 20 183 6
L 239 952 131
D 234 959 2 235 236 239 175
D 233 889 2 187 234 170 6
D 240 819 2 148 190 165 20
D 231 871 2 232 233 240 6
L 245 1988 -982
L 246 1988 982
D 244 1999 2 245 33 246 6
L 247 2016 994
D 248 1999 2 245 42 246 20
D 243 2013 2 244 247 248 6
D 242 1967 2 198 243 194 6
L 250 2142 1072
L 251 2146 1074
L 252 2142 -1072
D 249 2143 2 250 251 252 6
L 255 2016 -994
D 254 2013 2 244 255 248 20
D 253 1967 2 194 205 198 254
D 241 2017 4 242 249 193 199 203 20 253 6
D 258 861 2 155 161 162 6
D 257 819 2 148 258 165 6
D 260 861 2 155 160 162 20
D 259 819 2 148 260 165 20
D 256 871 2 257 233 259 6
D 264 1999 2 246 42 245 20
D 265 1999 2 246 33 245 6
D 263 2013 2 264 247 265 6
D 262 1967 2 198 263 194 6
D 266 1967 2 198 255 194 6
L 267 2122 1062
D 269 2013 2 265 247 264 6
D 268 1967 2 194 205 198 269
D 261 2017 5 262 249 266 267 193 199 203 20 268 6
L 274 1074 -45
D 275 1033 2 176 184 178 20
D 273 1045 2 237 274 275 6
D 272 959 2 235 273 239 6
D 271 889 2 187 272 170 6
D 270 871 2 257 271 259 6
L 278 2146 -1074
D 277 2143 2 252 278 250 20
D 279 1967 2 198 269 194 6
D 276 2017 6 262 277 279 278 266 267 193 199 203 20 230 6
D 280 871 2 232 271 240 6
D 283 2013 2 248 247 244 6
D 282 1967 2 198 283 194 6
D 284 1967 2 194 205 198 255
D 281 2017 5 242 277 282 278 193 199 203 20 284 6
D 286 807 2 215 211 210 6
D 285 537 2 208 286 216 211
D 289 1991 2 222 221 220 6
D 288 1967 2 198 289 194 6
D 290 1967 2 198 229 194 197
D 287 2017 5 218 223 193 199 288 226 290 20 230 6
D 293 959 2 185 174 173 6
D 292 889 2 168 293 186 6
D 291 871 2 147 292 188 6
D 295 1967 2 198 206 194 197
D 294 2017 4 193 199 200 202 295 20 230 6
L 301 1054 -18
L 302 1068 42
L 303 1054 18
D 300 1067 2 301 302 303 6
D 299 1051 2 180 300 182 6
D 298 1045 2 175 299 183 6
D 297 889 2 168 298 186 6
D 296 871 2 147 297 188 6
D 305 1967 2 194 205 198 201
D 304 2017 3 193 199 295 20 305 6
D 310 1067 2 303 302 301 6
D 309 1051 2 180 310 182 6
D 308 1045 2 175 309 183 6
D 307 889 2 168 308 186 6
D 306 871 2 147 307 188 6
D 312 1967 2 194 197 198 20
D 311 2017 3 193 199 312 20 230 6
L 315 566 -149
L 317 714 -223
L 318 732 -232
L 319 714 223
D 316 721 2 317 318 319 6
L 320 566 149
D 314 671 2 315 316 320 6
D 323 817 2 152 15 151 6
D 324 817 2 152 10 151 20
D 322 819 2 323 154 324 6
D 325 819 2 323 189 324 20
D 321 871 2 322 175 325 6
L 328 732 232
D 327 721 2 317 328 319 20
D 326 671 2 315 327 320 20
D 313 807 2 314 321 326 6
D 331 1975 2 197 221 196 6
D 330 1967 2 194 331 198 20
D 333 1975 2 196 32 197 229
D 332 1967 2 194 333 198 6
D 329 2017 3 193 199 330 20 332 6
D 336 815 2 153 150 149 6
D 337 815 2 153 166 149 20
D 335 819 2 336 154 337 6
D 338 819 2 336 189 337 20
D 334 871 2 335 167 338 6
L 343 1976 997
L 344 1976 -997
D 342 1983 2 343 221 344 20
D 341 1975 2 197 342 196 6
D 340 1967 2 194 341 198 6
D 347 1983 2 343 229 344 6
D 346 1975 2 197 347 196 32
D 345 1967 2 194 346 198 206
D 339 2017 4 193 199 200 202 340 20 345 6
D 350 871 2 335 212 338 6
D 349 807 2 210 350 215 6
D 348 537 2 208 349 216 6
D 352 1967 2 194 346 198 6
D 351 2017 5 218 223 193 199 227 226 340 20 352 6
D 354 819 2 336 164 337 6
D 355 819 2 336 190 337 20
D 353 871 2 354 233 355 6
D 357 1967 2 194 346 198 254
D 356 2017 4 242 249 193 199 340 20 357 6
D 359 819 2 336 258 337 6
D 360 819 2 336 260 337 20
D 358 871 2 359 233 360 6
D 362 1967 2 194 346 198 269
D 361 2017 5 262 249 266 267 193 199 340 20 362 6
D 363 871 2 359 271 360 6
D 364 2017 6 262 277 279 278 266 267 193 199 340 20 352 6
D 365 871 2 354 271 355 6
D 367 1967 2 194 346 198 255
D 366 2017 5 242 277 282 278 193 199 340 20 367 6
D 369 807 2 215 350 210 6
D 368 537 2 208 369 216 350
D 371 1967 2 194 341 198 229
D 370 2017 5 218 223 193 199 288 226 371 20 352 6
D 372 871 2 335 292 338 6
D 374 1967 2 194 341 198 206
D 373 2017 4 193 199 200 202 374 20 352 6
D 375 871 2 335 297 338 6
D 377 1967 2 194 346 198 201
D 376 2017 3 193 199 374 20 377 6
D 378 871 2 335 307 338 6
D 380 1967 2 194 341 198 20
D 379 2017 3 193 199 380 20 352 6
D 384 1045 2 183 179 175 6
D 383 959 2 173 384 185 6
D 382 889 2 168 383 186 6
D 381 871 2 147 382 188 6
L 387 2028 -1015
L 388 2028 1015
D 386 2085 2 387 199 388 6
D 389 1967 2 198 206 194 6
D 385 2017 5 230 386 193 199 200 202 203 20 389 6
D 393 889 2 213 183 214 6
D 392 871 2 147 393 188 6
D 391 807 2 210 392 215 6
D 390 537 2 208 391 216 6
D 394 2017 5 218 223 230 386 193 199 227 226 203 20
D 398 1045 2 183 238 175 6
D 397 959 2 235 398 239 183
D 396 889 2 187 397 170 6
D 395 871 2 232 396 240 6
D 400 1967 2 198 254 194 6
D 399 2017 5 230 386 242 249 193 199 203 20 400 6
D 401 871 2 257 396 259 6
D 402 2017 6 230 386 262 249 266 267 193 199 203 20 279 6
D 406 1045 2 183 274 175 6
D 405 959 2 235 406 239 6
D 404 889 2 187 405 170 6
D 403 871 2 257 404 259 6
D 407 2017 6 230 386 262 277 279 278 266 267 193 199 203 20
D 408 871 2 232 404 240 6
D 409 2017 6 230 386 242 277 282 278 193 199 203 20 266 6
D 411 807 2 215 392 210 6
D 410 537 2 208 411 216 392
D 412 2017 5 218 223 230 386 193 199 288 226 290 20
D 415 959 2 185 384 173 6
D 414 889 2 168 415 186 6
D 413 871 2 147 414 188 6
D 416 2017 4 230 386 193 199 200 202 295 20
D 419 1045 2 183 299 175 6
D 418 889 2 168 419 186 6
D 417 871 2 147 418 188 6
D 420 2017 4 230 386 193 199 295 20 200 6
D 423 1045 2 183 309 175 6
D 422 889 2 168 423 186 6
D 421 871 2 147 422 188 6
D 424 2017 3 230 386 193 199 312 20
D 426 871 2 322 183 325 6
D 425 807 2 314 426 326 6
D 429 1975 2 197 229 196 6
D 428 1967 2 194 429 198 6
D 427 2017 4 230 386 193 199 330 20 428 6
D 430 871 2 335 382 338 6
D 433 1975 2 197 347 196 6
D 432 1967 2 194 433 198 206
D 431 2017 5 230 386 193 199 200 202 340 20 432 6
D 436 871 2 335 393 338 6
D 435 807 2 210 436 215 6
D 434 537 2 208 435 216 6
D 438 1967 2 194 433 198 6
D 437 2017 6 218 223 230 386 193 199 227 226 340 20 438 6
D 439 871 2 354 396 355 6
D 441 1967 2 194 433 198 254
D 440 2017 5 230 386 242 249 193 199 340 20 441 6
D 442 871 2 359 396 360 6
D 444 1967 2 194 433 198 269
D 443 2017 6 230 386 262 249 266 267 193 199 340 20 444 6
D 445 871 2 359 404 360 6
D 446 2017 7 230 386 262 277 279 278 266 267 193 199 340 20 438 6
D 447 871 2 354 404 355 6
D 449 1967 2 194 433 198 255
D 448 2017 6 230 386 242 277 282 278 193 199 340 20 449 6
D 451 807 2 215 436 210 6
D 450 537 2 208 451 216 436
D 452 2017 6 218 223 230 386 193 199 288 226 371 20 438 6
D 453 871 2 335 414 338 6
D 454 2017 5 230 386 193 199 200 202 374 20 438 6
D 455 871 2 335 418 338 6
D 457 1967 2 194 433 198 201
D 456 2017 4 230 386 193 199 374 20 457 6
D 458 871 2 335 422 338 6
D 459 2017 4 230 386 193 199 380 20 438 6
D 461 819 2 148 191 165 6
D 462 819 2 148 159 165 20
D 460 871 2 461 167 462 6
L 467 1978 -998
L 469 2014 993
D 468 2013 2 34 469 32 6
L 470 1978 998
D 466 1983 2 467 468 470 34
D 465 1975 2 196 466 197 6
D 464 1967 2 194 465 198 6
L 475 2014 -993
D 474 2013 2 34 475 32 20
D 473 1983 2 467 474 470 32
D 472 1975 2 196 473 197 6
D 471 1967 2 194 472 198 206
D 463 2017 4 464 199 200 202 203 20 471 6
D 478 871 2 461 212 462 6
D 477 807 2 210 478 215 6
D 476 537 2 208 477 216 6
D 480 1967 2 194 472 198 6
D 479 2017 5 218 223 464 199 227 226 203 20 480 6
D 481 871 2 461 233 462 6
D 483 1967 2 194 472 198 254
D 482 2017 4 242 249 464 199 203 20 483 6
D 484 871 2 461 271 462 6
D 486 1967 2 194 472 198 255
D 485 2017 5 242 277 282 278 464 199 203 20 486 6
D 488 807 2 215 478 210 6
D 487 537 2 208 488 216 478
D 489 2017 5 218 223 464 199 288 226 290 20 480 6
D 490 871 2 461 292 462 6
D 491 2017 4 464 199 200 202 295 20 480 6
D 492 871 2 461 297 462 6
D 494 1967 2 194 472 198 201
D 493 2017 3 464 199 295 20 494 6
D 495 871 2 461 307 462 6
D 496 2017 3 464 199 312 20 480 6
D 499 819 2 323 191 324 6
D 500 819 2 323 159 324 20
D 498 871 2 499 175 500 6
D 497 807 2 314 498 326 6
D 503 1975 2 196 473 197 229
D 502 1967 2 194 503 198 6
D 501 2017 3 464 199 330 20 502 6
D 505 819 2 336 191 337 6
D 506 819 2 336 159 337 20
D 504 871 2 505 167 506 6
D 509 1975 2 196 473 197 347
D 508 1967 2 194 509 198 206
D 507 2017 4 464 199 200 202 340 20 508 6
D 512 871 2 505 212 506 6
D 511 807 2 210 512 215 6
D 510 537 2 208 511 216 6
D 514 1967 2 194 509 198 6
D 513 2017 5 218 223 464 199 227 226 340 20 514 6
D 515 871 2 505 233 506 6
D 517 1967 2 194 509 198 254
D 516 2017 4 242 249 464 199 340 20 517 6
D 518 871 2 505 271 506 6
D 520 1967 2 194 509 198 255
D 519 2017 5 242 277 282 278 464 199 340 20 520 6
D 522 807 2 215 512 210 6
D 521 537 2 208 522 216 512
D 523 2017 5 218 223 464 199 288 226 371 20 514 6
D 524 871 2 505 292 506 6
D 525 2017 4 464 199 200 202 374 20 514 6
D 526 871 2 505 297 506 6
D 528 1967 2 194 509 198 201
D 527 2017 3 464 199 374 20 528 6
D 529 871 2 505 307 506 6
D 530 2017 3 464 199 380 20 514 6
D 531 871 2 461 382 462 6
D 536 2013 2 34 475 32 6
D 535 1983 2 467 536 470 6
D 534 1975 2 196 535 197 6
D 533 1967 2 194 534 198 206
D 532 2017 5 230 386 464 199 200 202 203 20 533 6
D 539 871 2 461 393 462 6
D 538 807 2 210 539 215 6
D 537 537 2 208 538 216 6
D 541 1967 2 194 534 198 6
D 540 2017 6 218 223 230 386 464 199 227 226 203 20 541 6
D 542 871 2 461 396 462 6
D 544 1967 2 194 534 198 254
D 543 2017 5 230 386 242 249 464 199 203 20 544 6
D 545 871 2 461 404 462 6
D 547 1967 2 194 534 198 255
D 546 2017 6 230 386 242 277 282 278 464 199 203 20 547 6
D 549 807 2 215 539 210 6
D 548 537 2 208 549 216 539
D 550 2017 6 218 223 230 386 464 199 288 226 290 20 541 6
D 551 871 2 461 414 462 6
D 552 2017 5 230 386 464 199 200 202 295 20 541 6
D 553 871 2 461 418 462 6
D 555 1967 2 194 534 198 201
D 554 2017 4 230 386 464 199 295 20 555 6
D 556 871 2 461 422 462 6
D 557 2017 4 230 386 464 199 312 20 541 6
D 559 871 2 499 183 500 6
D 558 807 2 314 559 326 6
D 562 1975 2 196 535 197 229
D 561 1967 2 194 562 198 6
D 560 2017 4 230 386 464 199 330 20 561 6
D 563 871 2 505 382 506 6
D 566 1975 2 196 535 197 347
D 565 1967 2 194 566 198 206
D 564 2017 5 230 386 464 199 200 202 340 20 565 6
D 569 871 2 505 393 506 6
D 568 807 2 210 569 215 6
D 567 537 2 208 568 216 6
D 571 1967 2 194 566 198 6
D 570 2017 6 218 223 230 386 464 199 227 226 340 20 571 6
D 572 871 2 505 396 506 6
D 574 1967 2 194 566 198 254
D 573 2017 5 230 386 242 249 464 199 340 20 574 6
D 575 871 2 505 404 506 6
D 577 1967 2 194 566 198 255
D 576 2017 6 230 386 242 277 282 278 464 199 340 20 577 6
D 579 807 2 215 569 210 6
D 578 537 2 208 579 216 569
D 580 2017 6 218 223 230 386 464 199 288 226 371 20 571 6
D 581 871 2 505 414 506 6
D 582 2017 5 230 386 464 199 200 202 374 20 571 6
D 583 871 2 505 418 506 6
D 585 1967 2 194 566 198 201
D 584 2017 4 230 386 464 199 374 20 585 6
D 586 871 2 505 422 506 6
D 587 2017 4 230 386 464 199 380 20 571 6
D 590 861 2 162 161 155 6
D 589 819 2 148 590 165 6
D 592 861 2 162 160 155 20
D 591 819 2 148 592 165 20
D 588 871 2 589 167 591 6
D 595 1975 2 196 468 197 6
D 594 1967 2 194 595 198 6
D 597 1975 2 196 474 197 6
D 596 1967 2 194 597 198 206
D 593 2017 4 594 199 200 202 203 20 596 6
D 600 871 2 589 212 591 6
D 599 807 2 210 600 215 6
D 598 537 2 208 599 216 6
D 602 1967 2 194 597 198 6
D 601 2017 5 218 223 594 199 227 226 203 20 602 6
D 603 871 2 589 233 591 6
D 605 1967 2 194 597 198 269
D 604 2017 5 262 249 266 267 594 199 203 20 605 6
D 606 871 2 589 271 591 6
D 607 2017 6 262 277 279 278 266 267 594 199 203 20 602 6
D 609 807 2 215 600 210 6
D 608 537 2 208 609 216 600
D 610 2017 5 218 223 594 199 288 226 290 20 602 6
D 611 871 2 589 292 591 6
D 612 2017 4 594 199 200 202 295 20 602 6
D 613 871 2 589 297 591 6
D 615 1967 2 194 597 198 201
D 614 2017 3 594 199 295 20 615 6
D 616 871 2 589 307 591 6
D 617 2017 3 594 199 312 20 602 6
D 620 819 2 323 590 324 6
D 621 819 2 323 592 324 20
D 619 871 2 620 175 621 6
D 618 807 2 314 619 326 6
D 624 1975 2 196 474 197 229
D 623 1967 2 194 624 198 6
D 622 2017 3 594 199 330 20 623 6
D 626 819 2 336 590 337 6
D 627 819 2 336 592 337 20
D 625 871 2 626 167 627 6
D 630 1975 2 197 347 196 474
D 629 1967 2 194 630 198 206
D 628 2017 4 594 199 200 202 340 20 629 6
D 633 871 2 626 212 627 6
D 632 807 2 210 633 215 6
D 631 537 2 208 632 216 6
D 635 1967 2 194 630 198 6
D 634 2017 5 218 223 594 199 227 226 340 20 635 6
D 636 871 2 626 233 627 6
D 638 1967 2 194 630 198 269
D 637 2017 5 262 249 266 267 594 199 340 20 638 6
D 639 871 2 626 271 627 6
D 640 2017 6 262 277 279 278 266 267 594 199 340 20 635 6
D 642 807 2 215 633 210 6
D 641 537 2 208 642 216 633
D 643 2017 5 218 223 594 199 288 226 371 20 635 6
D 644 871 2 626 292 627 6
D 645 2017 4 594 199 200 202 374 20 635 6
D 646 871 2 626 297 627 6
D 648 1967 2 194 630 198 201
D 647 2017 3 594 199 374 20 648 6
D 649 871 2 626 307 627 6
D 650 2017 3 594 199 380 20 635 6
D 651 871 2 589 382 591 6
D 654 1975 2 196 536 197 6
D 653 1967 2 194 654 198 206
D 652 2017 5 230 386 594 199 200 202 203 20 653 6
D 657 871 2 589 393 591 6
D 656 807 2 210 657 215 6
D 655 537 2 208 656 216 6
D 659 1967 2 194 654 198 6
D 658 2017 6 218 223 230 386 594 199 227 226 203 20 659 6
D 660 871 2 589 396 591 6
D 662 1967 2 194 654 198 269
D 661 2017 6 230 386 262 249 266 267 594 199 203 20 662 6
D 663 871 2 589 404 591 6
D 664 2017 7 230 386 262 277 279 278 266 267 594 199 203 20 659 6
D 666 807 2 215 657 210 6
D 665 537 2 208 666 216 657
D 667 2017 6 218 223 230 386 594 199 288 226 290 20 659 6
D 668 871 2 589 414 591 6
D 669 2017 5 230 386 594 199 200 202 295 20 659 6
D 670 871 2 589 418 591 6
D 672 1967 2 194 654 198 201
D 671 2017 4 230 386 594 199 295 20 672 6
D 673 871 2 589 422 591 6
D 674 2017 4 230 386 594 199 312 20 659 6
D 676 871 2 620 183 621 6
D 675 807 2 314 676 326 6
D 679 1975 2 196 536 197 229
D 678 1967 2 194 679 198 6
D 677 2017 4 230 386 594 199 330 20 678 6
D 680 871 2 626 382 627 6
D 683 1975 2 196 536 197 347
D 682 1967 2 194 683 198 206
D 681 2017 5 230 386 594 199 200 202 340 20 682 6
D 686 871 2 626 393 627 6
D 685 807 2 210 686 215 6
D 684 537 2 208 685 216 6
D 688 1967 2 194 683 198 6
D 687 2017 6 218 223 230 386 594 199 227 226 340 20 688 6
D 689 871 2 626 396 627 6
D 691 1967 2 194 683 198 269
D 690 2017 6 230 386 262 249 266 267 594 199 340 20 691 6
D 692 871 2 626 404 627 6
D 693 2017 7 230 386 262 277 279 278 266 267 594 199 340 20 688 6
D 695 807 2 215 686 210 6
D 694 537 2 208 695 216 686
D 696 2017 6 218 223 230 386 594 199 288 226 371 20 688 6
D 697 871 2 626 414 627 6
D 698 2017 5 230 386 594 199 200 202 374 20 688 6
D 699 871 2 626 418 627 6
D 701 1967 2 194 683 198 201
D 700 2017 4 230 386 594 199 374 20 701 6
D 702 871 2 626 422 627 6
D 703 2017 4 230 386 594 199 380 20 688 6
D 706 1045 2 175 182 183 6
D 705 889 2 168 706 186 6
D 704 871 2 147 705 188 6
D 708 1967 2 194 205 198 20
D 707 2017 3 193 199 203 20 708 6
D 709 807 2 326 321 314 6
D 711 1967 2 194 331 198 6
D 712 1967 2 194 333 198 20
D 710 2017 3 193 199 711 20 712 6
D 713 871 2 335 705 338 6
D 715 1967 2 194 346 198 20
D 714 2017 3 193 199 340 20 715 6
D 718 1045 2 183 182 175 6
D 717 889 2 168 718 186 6
D 716 871 2 147 717 188 6
D 719 2017 4 230 386 193 199 203 20 198 6
D 720 807 2 326 426 314 6
D 722 1967 2 194 429 198 20
D 721 2017 4 230 386 193 199 711 20 722 6
D 723 871 2 335 717 338 6
D 725 1967 2 194 433 198 20
D 724 2017 4 230 386 193 199 340 20 725 6
D 726 871 2 461 705 462 6
D 728 1967 2 194 472 198 20
D 727 2017 3 464 199 203 20 728 6
D 729 807 2 326 498 314 6
D 731 1967 2 194 503 198 20
D 730 2017 3 464 199 711 20 731 6
D 732 871 2 505 705 506 6
D 734 1967 2 194 509 198 20
D 733 2017 3 464 199 340 20 734 6
D 735 871 2 461 717 462 6
D 737 1967 2 194 534 198 20
D 736 2017 4 230 386 464 199 203 20 737 6
D 738 807 2 326 559 314 6
D 740 1967 2 194 562 198 20
D 739 2017 4 230 386 464 199 711 20 740 6
D 741 871 2 505 717 506 6
D 743 1967 2 194 566 198 20
D 742 2017 4 230 386 464 199 340 20 743 6
D 744 871 2 589 705 591 6
D 746 1967 2 194 597 198 20
D 745 2017 3 594 199 203 20 746 6
D 747 807 2 326 619 314 6
D 749 1967 2 194 624 198 20
D 748 2017 3 594 199 711 20 749 6
D 750 871 2 626 705 627 6
D 752 1967 2 194 630 198 20
D 751 2017 3 594 199 340 20 752 6
D 753 871 2 589 717 591 6
D 755 1967 2 194 654 198 20
D 754 2017 4 230 386 594 199 203 20 755 6
D 756 807 2 326 676 314 6
D 758 1967 2 194 679 198 20
D 757 2017 4 230 386 594 199 711 20 758 6
D 759 871 2 626 717 627 6
D 761 1967 2 194 683 198 20
D 760 2017 4 230 386 594 199 340 20 761 6
D 0 1613 136 1 26 54 79 82 80 103 50 106 81 119 128 131 129 137 130 146 192 207 217 231 241 256 261 270 276 280 281 285 287 291 294 296 304 306 311 313 329 334 339 348 351 353 356 358 361 363 364 365 366 368 370 372 373 375 376 378 379 381 385 390 394 395 399 401 402 403 407 408 409 410 412 413 416 417 420 421 424 425 427 430 431 434 437 439 440 442 443 445 446 447 448 450 452 453 454 455 456 458 459 460 463 476 479 481 482 484 485 487 489 490 491 492 493 495 496 497 501 504 507 510 513 515 516 518 519 521 523 524 525 526 527 529 530 531 532 537 540 542 543 545 546 548 550 551 552 553 554 556 557 558 560 563 564 567 570 572 573 575 576 578 580 581 582 583 584 586 587 588 593 598 601 603 604 606 607 608 610 611 612 613 614 616 617 618 622 625 628 631 634 636 637 639 640 641 643 644 645 646 647 649 650 651 652 655 658 660 661 663 664 665 667 668 669 670 671 673 674 675 677 680 681 684 687 689 690 692 693 694 696 697 698 699 700 702 703 704 707 709 710 713 714 716 719 720 721 723 724 726 727 729 730 732 733 735 736 738 739 741 742 744 745 747 748 750 751 753 754 756 757 759 760
