c ids of sdd nodes start at 0
c sdd nodes appear bottom-up, children before parents
c
c file syntax:
c sdd count-of-sdd-nodes
c F id-of-false-sdd-node
c T id-of-true-sdd-node
c L id-of-literal-sdd-node id-of-vtree literal
c D id-of-decomposition-sdd-node id-of-vtree number-of-elements {id-of-prime id-of-sub}*
c
sdd 75
L 3 0 -13
L 4 2 -14
L 5 0 13
F 6
D 2 1 2 3 4 5 6
L 7 6 16
L 9 2 14
T 10
D 8 1 2 3 9 5 10
D 1 3 2 2 7 8 6
L 12 10 -1
L 14 22 -4
L 16 24 -5
L 18 28 11
L 19 30 12
L 20 28 -11
L 21 32 -2
D 17 29 2 18 19 20 21
L 22 24 5
L 25 30 -12
L 26 32 2
D 24 31 2 25 26 19 10
D 23 29 2 18 24 20 26
D 15 27 2 16 17 22 23
L 27 22 4
D 30 31 2 25 26 19 6
D 29 29 2 18 30 20 6
D 28 27 2 22 29 16 6
D 13 23 2 14 15 27 28
L 31 10 1
D 34 29 2 18 24 20 10
D 35 29 2 18 19 20 10
D 33 27 2 22 34 16 35
D 32 23 2 27 33 14 28
D 11 11 2 12 13 31 32
D 37 1 2 5 4 3 6
D 38 1 2 5 9 3 10
D 36 3 2 37 7 38 6
D 40 23 2 14 29 27 10
D 43 29 2 18 24 20 21
D 42 27 2 22 23 16 43
D 41 23 2 14 42 27 6
D 39 11 2 31 40 12 41
L 45 6 -16
D 44 3 2 4 45 9 6
L 48 14 -8
L 51 20 3
L 52 20 -3
D 50 21 2 51 14 52 6
L 54 26 6
D 55 29 2 20 25 18 10
L 56 26 -6
D 57 29 2 20 25 18 26
D 53 27 2 54 55 56 57
D 58 21 2 52 14 51 6
D 60 29 2 20 25 18 6
D 59 27 2 56 57 54 60
D 61 21 2 51 27 52 6
D 62 27 2 54 18 56 6
D 63 21 2 52 27 51 6
D 65 29 2 18 21 20 6
D 64 27 2 56 65 54 6
D 49 23 4 50 53 58 59 61 62 63 64
L 66 14 8
D 69 29 2 18 26 20 6
D 68 27 2 56 69 54 18
D 70 27 2 56 69 54 6
D 67 23 4 50 68 61 62 58 70 63 64
D 47 19 2 48 49 66 67
D 72 27 2 56 20 54 10
D 74 29 2 18 21 20 10
D 73 27 2 56 74 54 20
D 71 23 4 61 72 63 73 50 68 58 70
D 46 11 2 12 47 31 71
D 0 9 4 1 11 36 39 44 46 9 10
