c ids of sdd nodes start at 0
c sdd nodes appear bottom-up, children before parents
c
c file syntax:
c sdd count-of-sdd-nodes
c F id-of-false-sdd-node
c T id-of-true-sdd-node
c L id-of-literal-sdd-node id-of-vtree literal
c D id-of-decomposition-sdd-node id-of-vtree number-of-elements {id-of-prime id-of-sub}*
c
sdd 74
L 2 2 20
L 3 6 22
L 4 2 -20
F 5
D 1 5 2 2 3 4 5
L 7 16 18
L 9 20 15
L 12 26 12
L 14 30 8
L 15 32 -9
L 16 30 -8
D 13 31 2 14 15 16 5
L 17 26 -12
D 11 27 2 12 13 17 5
L 19 34 -5
L 21 36 6
L 22 46 -3
L 23 36 -6
T 24
D 20 37 2 21 22 23 24
L 25 34 5
D 18 35 2 19 20 25 5
D 26 27 2 17 14 12 5
L 29 44 -2
L 30 44 2
D 28 45 2 29 22 30 5
D 27 35 2 19 28 25 5
L 33 38 -13
L 35 42 -4
L 36 42 4
D 34 43 2 35 22 36 24
L 37 38 13
D 32 39 2 33 34 37 5
D 31 35 2 19 32 25 5
L 40 32 9
D 39 31 2 14 40 16 5
D 38 27 2 12 39 17 5
D 10 33 4 11 18 26 27 16 31 38 19
L 41 20 -15
D 8 21 2 9 10 41 24
L 42 16 -18
L 43 40 -1
D 6 17 2 7 8 42 43
D 44 5 2 4 3 2 5
L 47 14 17
L 48 14 -17
D 46 15 2 47 42 48 5
L 52 24 11
L 53 24 -11
D 51 27 2 52 14 53 5
D 54 37 2 21 43 23 5
D 55 27 2 52 16 53 24
D 50 33 2 51 54 55 5
D 57 31 2 16 15 14 5
D 58 37 2 23 43 21 5
D 60 31 2 16 40 14 24
D 61 31 2 16 40 14 5
D 59 27 2 53 60 52 61
D 56 33 3 57 58 51 54 59 5
D 49 21 2 41 50 9 56
D 62 15 2 48 42 47 5
D 64 33 2 57 58 60 5
D 63 21 2 9 64 41 5
D 45 17 3 46 49 62 63 7 8
L 66 6 -22
D 65 5 2 2 66 4 5
D 70 27 2 12 39 17 16
D 71 27 2 12 16 17 5
D 69 33 4 11 18 26 27 70 19 71 5
D 68 21 2 9 69 41 24
D 67 17 2 7 68 42 43
D 72 5 2 4 66 2 5
D 73 17 3 46 49 62 63 7 68
D 0 11 4 1 6 44 45 65 67 72 73
