c ids of sdd nodes start at 0
c sdd nodes appear bottom-up, children before parents
c
c file syntax:
c sdd count-of-sdd-nodes
c F id-of-false-sdd-node
c T id-of-true-sdd-node
c L id-of-literal-sdd-node id-of-vtree literal
c D id-of-decomposition-sdd-node id-of-vtree number-of-elements {id-of-prime id-of-sub}*
c
sdd 569
L 1 0 34
L 3 2 9
L 5 6 30
L 8 10 -29
L 9 12 3
L 10 10 29
F 11
D 7 11 2 8 9 10 11
L 13 16 -18
L 15 18 -23
L 17 24 -2
L 19 26 24
L 22 34 -37
L 23 36 20
L 24 34 37
D 21 35 2 22 23 24 11
L 27 46 10
L 28 48 11
L 29 46 -10
D 26 47 2 27 28 29 11
L 31 58 -8
L 33 72 -26
L 34 76 27
L 35 72 26
T 36
D 32 73 2 33 34 35 36
L 37 58 8
D 30 63 2 31 32 37 36
D 38 47 2 29 28 27 11
D 39 63 2 31 32 37 34
L 41 48 -11
D 40 47 2 29 41 27 11
D 42 63 2 37 34 31 36
D 43 47 2 27 41 29 11
D 25 49 4 26 30 38 39 40 42 43 36
D 44 35 2 24 23 22 11
D 45 49 2 29 42 27 36
L 47 36 -20
L 48 38 21
D 46 37 2 47 48 23 11
L 51 52 -25
L 53 56 17
L 55 60 -15
L 56 60 15
D 54 63 2 55 33 56 11
L 57 56 -17
D 52 57 2 53 54 57 11
L 58 52 25
D 50 55 2 51 52 58 53
D 61 63 2 55 33 56 36
D 60 57 2 53 61 57 11
D 59 55 2 51 60 58 53
D 49 49 2 28 50 41 59
L 63 38 -21
D 62 37 2 47 63 23 11
D 20 39 4 21 25 44 45 46 49 62 59
L 64 26 -24
L 67 42 -12
D 68 49 2 28 30 41 36
L 69 42 12
L 73 66 36
L 74 68 5
L 75 66 -36
D 72 67 2 73 74 75 36
D 71 63 2 37 72 31 32
D 76 63 2 37 72 31 36
D 70 49 2 28 71 41 76
D 66 45 2 67 68 69 70
D 77 45 2 69 76 67 36
D 65 39 4 21 66 44 77 46 49 62 59
D 18 29 2 19 20 64 65
L 78 24 2
L 80 32 39
D 82 37 2 23 63 47 11
L 84 40 13
L 85 70 6
L 86 40 -13
D 83 45 2 84 85 86 36
D 87 37 2 23 48 47 11
D 81 39 4 82 83 46 49 62 59 87 36
L 88 32 -39
D 91 63 2 56 32 55 36
L 94 76 -27
D 93 73 2 33 94 35 36
D 92 63 2 55 93 56 35
D 90 49 2 27 91 29 92
D 89 39 3 46 49 23 90 62 59
D 79 33 2 80 81 88 89
D 16 25 2 17 18 78 79
L 95 18 23
L 98 54 19
L 100 68 -5
D 99 71 2 100 94 74 36
L 101 54 -19
D 102 71 2 74 34 100 11
D 97 55 2 98 99 101 102
D 96 45 2 67 97 69 11
D 14 19 2 15 16 95 96
L 103 16 18
D 104 19 2 15 16 95 36
D 12 17 2 13 14 103 104
L 106 12 -3
D 105 11 2 8 106 10 11
D 112 49 2 28 39 41 42
D 111 39 4 21 112 44 42 46 49 62 59
D 110 29 2 19 111 64 65
D 114 39 3 46 49 62 59 23 85
D 113 33 2 80 114 88 89
D 109 25 2 17 110 78 113
D 108 19 2 15 109 95 96
D 115 19 2 15 109 95 36
D 107 17 2 13 108 103 115
D 116 11 2 10 9 8 11
L 119 20 -28
L 121 30 -38
D 123 35 2 22 47 24 11
L 127 70 -6
D 126 71 2 127 94 85 36
D 125 57 2 57 126 53 36
D 129 71 2 127 34 85 36
D 128 57 2 53 129 57 85
D 124 55 2 58 125 51 128
D 131 71 2 85 33 127 36
D 130 63 2 31 131 37 127
D 134 71 2 127 34 85 33
D 135 71 2 127 34 85 11
D 133 63 2 31 134 37 135
D 137 71 2 85 33 127 11
D 136 63 2 31 137 37 11
D 132 57 2 53 133 57 136
D 138 35 2 24 47 22 11
D 139 55 2 58 126 51 85
D 122 39 4 123 124 44 130 21 132 138 139
L 140 30 38
D 142 63 2 31 131 37 36
D 144 63 2 37 129 31 134
D 145 63 2 31 137 37 85
D 143 57 2 53 144 57 145
D 141 39 4 44 142 123 124 21 143 138 139
D 120 33 2 121 122 140 141
L 146 20 28
D 118 25 2 119 120 146 11
L 152 50 -7
L 153 50 7
D 151 51 2 152 32 153 36
D 154 51 2 153 93 152 35
D 150 49 2 27 151 29 154
D 149 39 3 46 49 23 150 62 59
D 148 33 2 80 81 88 149
D 147 25 2 17 18 78 148
D 117 19 2 95 118 15 147
D 155 11 2 10 106 8 11
D 160 67 2 73 100 75 36
D 161 51 2 153 35 152 101
D 159 45 2 69 160 67 161
D 162 45 2 69 160 67 36
D 158 33 2 88 159 80 162
D 157 25 2 119 158 146 11
D 164 33 2 88 149 80 114
D 163 25 2 17 110 78 164
D 156 19 2 95 157 15 163
D 6 15 4 7 12 105 107 116 117 155 156
L 165 6 -30
L 169 14 -16
D 168 13 2 9 169 106 11
D 167 11 2 8 168 10 11
L 174 44 14
L 175 44 -14
D 173 45 2 174 127 175 36
D 176 35 2 24 47 22 36
D 172 39 2 44 173 176 127
D 179 49 2 28 85 41 36
D 180 49 2 41 127 28 11
D 178 45 2 175 179 174 180
D 177 39 2 44 178 176 180
D 171 25 2 17 172 78 177
D 170 19 2 95 171 15 16
D 182 13 2 106 169 9 11
D 181 11 2 8 182 10 11
D 185 39 2 23 173 47 127
D 186 39 2 23 178 47 180
D 184 25 2 17 185 78 186
D 183 19 2 95 184 15 109
L 189 14 16
D 188 13 2 9 189 106 11
D 187 11 2 8 188 10 11
D 192 21 2 119 17 146 11
D 196 51 2 152 85 153 36
D 197 51 2 153 127 152 11
D 195 49 2 28 196 41 197
D 194 45 2 174 195 175 196
D 198 45 2 174 195 175 197
D 193 39 3 44 194 21 198 47 197
D 199 21 2 119 78 146 36
D 202 49 2 28 85 41 11
D 201 45 2 174 202 175 85
D 203 45 2 174 202 175 11
D 200 39 3 44 201 21 203 47 11
D 191 25 2 192 193 199 200
D 190 19 2 95 191 15 16
D 205 13 2 106 189 9 11
D 204 11 2 8 205 10 11
D 208 39 2 23 194 47 197
D 209 39 2 23 201 47 11
D 207 25 2 192 208 199 209
D 206 19 2 95 207 15 109
D 166 15 6 167 170 181 183 116 117 155 156 187 190 204 206
D 4 9 2 5 6 165 166
L 210 2 -9
D 217 45 2 67 97 69 36
D 216 39 2 22 217 24 96
D 215 25 2 146 216 119 217
D 214 19 2 15 16 95 215
D 213 17 2 103 104 13 214
D 219 19 2 15 109 95 215
D 218 17 2 103 115 13 219
L 223 22 1
D 222 21 2 146 223 119 11
L 225 28 -4
D 228 55 2 101 56 98 36
D 227 45 2 69 228 67 11
D 226 33 2 88 227 80 11
L 229 28 4
D 231 45 2 69 228 67 36
D 230 33 2 88 231 80 11
D 224 29 2 225 226 229 230
L 233 22 -1
D 232 21 2 146 233 119 11
D 235 45 2 69 228 67 127
D 234 33 2 88 235 80 11
D 221 25 3 222 224 232 234 119 158
D 220 19 2 95 221 15 163
D 237 25 3 222 224 232 234 119 120
D 236 19 2 95 237 15 147
D 212 15 4 7 213 105 218 155 220 116 236
D 241 45 2 175 85 174 11
D 240 39 2 44 241 176 11
D 239 19 2 15 16 95 240
D 243 39 2 23 241 47 11
D 242 19 2 15 109 95 243
D 238 15 6 167 239 181 242 187 190 204 206 155 220 116 236
D 211 9 2 5 212 165 238
D 2 3 2 3 4 210 211
L 244 0 -34
L 247 4 -32
L 250 8 -31
D 249 7 2 165 250 5 11
D 255 55 2 58 53 51 11
D 256 51 2 152 255 153 11
D 254 45 2 67 255 69 256
L 261 64 -35
L 262 74 22
L 263 64 35
D 260 67 2 261 262 263 36
L 265 74 -22
D 264 67 2 263 265 261 11
D 259 57 2 53 260 57 264
D 258 55 2 51 259 58 53
D 267 55 2 51 259 58 11
D 266 51 2 152 258 153 267
D 257 45 2 67 258 69 266
D 253 39 2 22 254 24 257
D 269 21 2 119 223 146 11
D 273 63 2 56 263 55 36
D 274 63 2 55 261 56 11
D 272 57 2 53 273 57 274
D 275 57 2 53 263 57 11
D 271 51 2 152 272 153 275
D 270 39 2 22 271 24 275
D 277 57 2 57 261 53 36
D 276 39 2 24 277 22 271
D 280 71 2 74 35 100 36
D 281 71 2 100 33 74 11
D 279 63 2 37 280 31 281
D 278 55 2 101 279 98 36
D 268 25 3 269 270 222 276 233 278
D 252 19 2 15 253 95 268
D 285 55 2 58 53 51 100
D 286 55 2 51 100 58 11
D 284 45 2 67 285 69 286
D 287 45 2 67 258 69 267
D 283 39 2 22 284 24 287
D 282 19 2 15 283 95 268
D 290 21 2 146 223 119 36
D 292 41 2 86 67 84 36
D 293 45 2 174 261 175 11
D 291 39 3 63 292 87 293 46 36
D 295 41 2 86 67 84 11
D 294 39 3 87 293 63 295 46 36
D 289 25 2 290 291 232 294
D 288 19 2 15 289 95 268
L 301 62 33
D 300 51 2 152 301 153 36
D 299 45 2 86 300 84 36
D 304 67 2 73 94 75 36
D 305 67 2 75 34 73 11
D 303 57 2 57 304 53 305
D 302 45 2 67 303 69 304
D 298 39 2 63 299 48 302
D 307 45 2 86 300 84 11
D 306 39 2 63 307 48 302
D 297 25 2 290 298 232 306
D 296 19 2 15 297 95 268
D 251 15 4 188 252 168 282 105 288 155 296
D 308 7 2 5 250 165 11
D 312 45 2 69 256 67 11
D 313 45 2 69 266 67 267
D 311 39 2 22 312 24 313
D 310 19 2 15 311 95 268
D 315 39 2 22 286 24 267
D 314 19 2 15 315 95 268
D 309 15 4 105 288 155 296 188 310 168 314
L 317 8 31
D 316 7 2 165 317 5 11
L 325 62 -33
D 324 49 2 27 325 29 11
D 323 39 2 47 324 23 261
D 322 33 2 80 323 88 11
D 326 21 2 119 78 146 11
D 328 39 2 47 324 23 11
D 327 33 2 80 328 88 11
D 330 61 2 31 301 37 11
D 329 45 2 69 330 67 11
D 321 25 4 192 322 326 327 222 329 232 11
D 320 19 2 95 321 15 283
D 333 21 2 119 233 146 11
D 336 51 2 153 263 152 11
D 337 51 2 152 261 153 36
D 335 49 2 28 336 41 337
D 334 29 2 229 335 225 11
D 338 29 2 229 337 225 11
D 332 25 3 333 334 232 338 223 11
D 331 19 2 15 283 95 332
D 319 17 2 13 320 103 331
D 342 45 2 69 330 67 36
D 341 25 4 192 322 326 327 222 342 232 11
D 340 19 2 95 341 15 253
D 343 19 2 15 253 95 332
D 339 17 2 13 340 103 343
D 348 61 2 37 301 31 11
D 347 45 2 69 330 67 348
D 349 45 2 67 348 69 11
D 346 25 4 192 322 326 327 222 347 232 349
D 345 19 2 95 346 15 297
D 350 19 2 15 297 95 332
D 344 17 2 13 345 103 350
D 352 19 2 95 346 15 289
D 353 19 2 15 289 95 332
D 351 17 2 13 352 103 353
D 318 15 4 168 319 188 339 155 344 105 351
D 354 7 2 5 317 165 11
D 357 19 2 95 321 15 315
D 358 19 2 15 315 95 332
D 356 17 2 13 357 103 358
D 360 19 2 95 341 15 311
D 361 19 2 15 311 95 332
D 359 17 2 13 360 103 361
D 355 15 4 168 356 188 359 155 344 105 351
D 248 9 4 249 251 308 309 316 318 354 355
L 362 4 32
D 367 21 2 119 17 146 233
D 369 45 2 67 255 69 11
D 371 55 2 58 53 51 36
D 370 45 2 67 371 69 51
D 368 39 2 23 369 47 370
D 372 21 2 119 78 146 223
D 366 25 2 367 368 372 370
D 375 63 2 37 35 31 11
D 374 55 2 101 375 98 36
D 373 25 3 269 270 222 276 233 374
D 365 19 2 15 366 95 373
D 380 51 2 152 371 153 51
D 379 45 2 67 371 69 380
D 378 39 2 23 254 47 379
D 377 25 2 367 378 372 379
D 376 19 2 15 377 95 373
D 381 19 2 15 289 95 373
D 382 19 2 15 297 95 373
D 364 15 4 168 365 188 376 105 381 155 382
D 385 19 2 15 366 95 321
D 386 19 2 15 366 95 332
D 384 17 2 13 385 103 386
D 388 19 2 15 377 95 341
D 389 19 2 15 377 95 332
D 387 17 2 13 388 103 389
D 383 15 4 168 384 188 387 155 344 105 351
D 393 39 2 47 51 23 11
D 392 25 2 367 393 372 51
D 391 19 2 15 392 95 373
D 397 45 2 69 380 67 51
D 396 39 2 23 312 47 397
D 395 25 2 367 396 372 397
D 394 19 2 15 395 95 373
D 390 15 4 105 381 155 382 168 391 188 394
D 400 19 2 15 392 95 321
D 401 19 2 15 392 95 332
D 399 17 2 13 400 103 401
D 403 19 2 15 395 95 341
D 404 19 2 15 395 95 332
D 402 17 2 13 403 103 404
D 398 15 4 155 344 105 351 168 399 188 402
D 363 9 4 249 364 316 383 308 390 354 398
D 246 5 2 247 248 362 363
D 411 63 2 56 33 55 36
D 412 63 2 55 35 56 11
D 410 55 2 51 411 58 412
D 415 71 2 100 94 74 11
D 414 67 2 261 415 263 11
D 413 49 2 41 414 28 11
D 409 25 2 223 410 233 413
D 417 45 2 67 31 69 36
D 418 31 2 121 88 140 11
D 419 31 2 140 88 121 11
D 416 33 3 80 417 418 28 419 11
D 408 19 2 95 409 15 416
D 421 25 2 233 413 223 34
D 423 39 2 63 51 48 11
D 422 33 2 80 417 88 423
D 420 19 2 95 421 15 422
D 428 67 2 261 99 263 74
D 427 49 2 41 428 28 74
D 426 33 2 140 427 121 413
D 425 25 2 223 410 233 426
D 433 49 2 28 51 41 36
D 432 39 2 63 433 48 36
D 435 53 2 51 101 58 11
D 434 49 2 28 435 41 31
D 431 33 2 121 432 140 434
D 438 49 2 28 51 41 37
D 439 49 2 41 37 28 36
D 437 39 2 63 438 48 439
D 440 49 2 28 435 41 11
D 436 33 2 121 437 140 440
D 430 29 2 19 431 64 436
D 445 53 2 51 101 58 36
D 444 51 2 153 445 152 36
D 443 49 2 41 444 28 435
D 447 51 2 153 445 152 325
D 446 49 2 41 447 28 435
D 442 39 2 63 443 48 446
D 449 49 2 41 444 28 51
D 450 49 2 41 447 28 36
D 448 39 2 63 449 48 450
D 441 33 2 140 442 121 448
D 429 25 3 232 430 333 436 223 441
D 424 19 2 95 425 15 429
D 452 25 2 233 426 223 34
D 451 19 2 95 452 15 429
D 453 11 2 10 188 8 11
D 458 49 2 41 31 28 36
D 457 33 2 140 458 121 36
D 459 33 2 121 439 140 28
D 456 29 2 19 457 64 459
D 461 49 2 41 444 28 36
D 460 39 2 63 461 48 450
D 455 25 3 232 456 333 459 223 460
D 454 19 2 95 425 15 455
D 462 11 2 10 205 8 11
D 463 19 2 95 452 15 455
D 407 15 6 168 408 182 420 187 424 204 451 453 454 462 463
D 468 45 2 67 31 69 11
D 467 33 3 80 468 418 28 419 11
D 466 29 2 19 467 64 416
D 465 19 2 95 409 15 466
D 471 33 2 80 468 88 423
D 470 29 2 19 471 64 422
D 469 19 2 95 421 15 470
D 464 15 6 187 424 204 451 453 454 462 463 168 465 182 469
D 475 33 2 88 423 80 69
D 474 19 2 95 346 15 475
D 480 55 2 51 35 58 36
D 479 33 2 80 480 88 11
D 478 29 2 225 479 229 11
D 481 29 2 229 337 225 479
D 482 29 2 229 335 225 479
D 483 29 2 225 479 229 261
D 477 25 4 269 478 232 481 333 482 222 483
D 476 19 2 15 475 95 477
D 473 17 2 13 474 103 476
D 486 33 3 80 69 418 28 419 11
D 485 19 2 95 321 15 486
D 487 19 2 15 486 95 477
D 484 17 2 13 485 103 487
D 489 19 2 95 341 15 455
D 490 19 2 15 455 95 477
D 488 17 2 13 489 103 490
D 492 19 2 95 346 15 455
D 491 17 2 13 492 103 490
D 494 19 2 95 341 15 429
D 495 19 2 15 429 95 477
D 493 17 2 13 494 103 495
D 497 19 2 95 346 15 429
D 496 17 2 103 495 13 497
D 472 15 6 182 473 168 484 453 488 462 491 187 493 204 496
D 502 33 2 88 423 80 11
D 501 29 2 19 502 64 475
D 500 19 2 95 346 15 501
D 503 19 2 15 501 95 477
D 499 17 2 13 500 103 503
D 508 31 2 121 80 140 36
D 507 33 2 418 28 508 11
D 506 29 2 19 507 64 486
D 505 19 2 95 321 15 506
D 509 19 2 15 506 95 477
D 504 17 2 13 505 103 509
D 498 15 6 182 499 453 488 462 491 168 504 187 493 204 496
D 406 9 4 308 407 249 464 354 472 316 498
D 516 23 2 233 17 223 11
D 515 21 2 146 516 119 11
D 518 23 2 233 78 223 11
D 517 21 2 146 518 119 11
D 521 49 2 41 31 28 85
D 520 33 2 121 179 140 521
D 523 49 2 41 37 28 85
D 522 33 2 121 523 140 202
D 519 29 2 19 520 64 522
D 524 21 2 119 518 146 11
D 525 21 2 119 516 146 11
D 526 23 2 223 78 233 11
D 528 49 2 41 444 28 85
D 529 49 2 41 447 28 85
D 527 39 2 63 528 48 529
D 530 23 2 223 17 233 11
D 514 25 6 515 456 517 519 524 522 525 459 526 527 530 460
D 513 19 2 95 341 15 514
D 531 19 2 15 514 95 477
D 512 17 2 13 513 103 531
D 537 49 2 28 265 41 36
D 539 37 2 23 63 47 36
D 538 35 2 24 539 22 11
D 540 35 2 24 87 22 11
D 536 39 3 22 537 538 36 540 11
D 542 55 2 98 127 101 36
D 543 57 2 57 127 53 36
D 541 51 2 152 542 153 543
D 535 29 2 225 536 229 541
D 546 49 2 28 265 41 11
D 545 39 3 22 546 538 36 540 11
D 548 55 2 101 85 98 11
D 549 57 2 53 85 57 11
D 547 51 2 152 548 153 549
D 544 29 2 225 545 229 547
D 534 25 2 119 535 146 544
D 533 19 2 95 346 15 534
D 550 19 2 95 477 15 534
D 532 17 2 13 533 103 550
D 552 19 2 95 346 15 514
D 551 17 2 13 552 103 531
D 554 19 2 95 321 15 534
D 553 17 2 103 550 13 554
D 511 15 6 453 512 187 493 182 532 462 551 204 496 168 553
D 556 11 2 10 169 8 11
D 558 25 2 233 413 223 101
D 557 19 2 95 558 15 534
D 559 11 2 8 169 10 11
D 562 39 2 22 101 24 11
D 561 25 2 223 562 233 413
D 560 19 2 95 561 15 534
D 563 11 2 8 189 10 11
D 565 25 2 223 562 233 426
D 564 19 2 95 565 15 429
D 566 11 2 10 189 8 11
D 568 25 2 233 426 223 101
D 567 19 2 95 568 15 514
D 555 15 4 556 557 559 560 563 564 566 567
D 510 9 2 317 511 250 555
D 405 5 2 247 406 362 510
D 245 3 2 3 246 210 405
D 0 1 2 1 2 244 245
