c ids of sdd nodes start at 0
c sdd nodes appear bottom-up, children before parents
c
c file syntax:
c sdd count-of-sdd-nodes
c F id-of-false-sdd-node
c T id-of-true-sdd-node
c L id-of-literal-sdd-node id-of-vtree literal
c D id-of-decomposition-sdd-node id-of-vtree number-of-elements {id-of-prime id-of-sub}*
c
sdd 82
L 1 0 24
L 3 4 14
L 5 6 21
L 7 12 3
L 9 20 -23
L 11 24 -16
L 13 34 -10
L 14 38 12
L 15 34 10
T 16
D 12 37 2 13 14 15 16
L 17 24 16
D 10 29 2 11 12 17 16
L 18 20 23
L 20 38 -12
L 22 44 -5
L 23 48 -7
L 24 44 5
F 25
D 21 47 2 22 23 24 25
D 19 41 2 20 21 14 16
D 8 21 2 9 10 18 19
L 26 12 -3
L 28 14 -26
L 29 16 27
L 30 14 26
D 27 15 2 28 29 30 25
D 6 13 2 7 8 26 27
L 31 6 -21
L 33 10 2
L 36 30 17
L 38 52 9
D 37 41 2 15 38 13 25
L 39 30 -17
D 35 33 2 36 37 39 38
L 40 16 -27
D 41 33 2 36 37 39 25
D 34 17 2 29 35 40 41
L 42 10 -2
D 44 41 2 20 38 14 25
D 43 33 2 39 44 36 37
D 32 13 2 33 34 42 43
D 4 7 2 5 6 31 32
L 45 4 -14
L 51 28 -20
L 53 32 -18
L 54 50 -8
L 55 32 18
D 52 33 2 53 54 55 16
L 56 28 20
D 50 29 2 51 52 56 25
D 49 21 2 18 50 9 16
L 59 36 -11
D 60 47 2 24 54 22 16
L 61 36 11
D 58 41 2 59 60 61 25
D 57 29 2 56 58 51 60
D 48 17 2 30 49 28 57
D 62 17 2 30 49 28 16
D 47 13 2 33 48 42 62
D 66 41 2 15 60 13 16
D 65 33 2 39 66 36 54
D 64 17 2 30 65 28 57
D 67 17 2 30 65 28 16
D 63 13 2 33 64 42 67
D 46 7 2 31 47 5 63
D 2 5 2 3 4 45 46
L 68 0 -24
D 73 33 2 55 38 53 25
D 72 17 2 28 73 30 25
D 71 13 2 7 8 26 72
L 77 18 22
D 78 47 2 24 38 22 25
L 79 18 -22
D 76 21 2 77 78 79 25
D 81 47 2 22 38 24 25
D 80 21 2 79 81 77 38
D 75 17 2 30 76 28 80
D 74 13 2 26 75 7 80
D 70 7 2 5 71 31 74
D 69 5 2 3 70 45 46
D 0 3 2 1 2 68 69
