c ids of sdd nodes start at 0
c sdd nodes appear bottom-up, children before parents
c
c file syntax:
c sdd count-of-sdd-nodes
c F id-of-false-sdd-node
c T id-of-true-sdd-node
c L id-of-literal-sdd-node id-of-vtree literal
c D id-of-decomposition-sdd-node id-of-vtree number-of-elements {id-of-prime id-of-sub}*
c
sdd 262
L 1 0 1
L 4 42 -41
L 5 44 -42
L 6 42 41
F 7
D 3 43 2 4 5 6 7
L 9 50 37
L 11 54 53
L 14 58 55
L 15 64 -52
L 16 58 -55
D 13 59 2 14 15 16 7
L 18 96 -40
L 19 100 -47
L 20 96 40
D 17 97 2 18 19 20 7
D 21 59 2 16 15 14 7
L 24 98 -46
L 25 100 47
L 26 98 46
D 23 99 2 24 25 26 7
D 22 97 2 18 23 20 7
L 27 64 52
D 12 65 3 13 17 21 22 27 7
L 28 54 -53
D 10 55 2 11 12 28 7
L 29 50 -37
L 34 102 -48
L 36 108 44
L 37 110 45
L 38 108 -44
D 35 109 2 36 37 38 7
L 39 102 48
D 33 105 2 34 35 39 7
D 32 97 2 20 33 18 7
L 43 106 43
L 44 106 -43
D 42 107 2 43 37 44 7
D 41 105 2 34 42 39 7
D 40 97 2 18 41 20 7
D 31 65 2 14 32 16 40
D 45 65 2 16 19 14 7
D 30 55 2 11 31 28 45
D 8 53 2 9 10 29 30
L 47 44 42
D 46 43 2 4 47 6 7
L 50 46 -56
L 51 46 56
D 49 49 2 50 29 51 7
L 54 62 51
L 56 110 -45
T 57
D 55 105 2 39 56 34 57
L 58 62 -51
D 53 65 2 54 55 58 57
D 52 55 2 11 53 28 45
D 59 49 2 51 29 50 7
D 63 109 2 36 56 38 57
D 62 105 2 34 63 39 56
D 61 65 2 54 62 58 57
D 60 55 2 11 61 28 45
D 48 53 3 49 52 59 60 9 10
D 64 43 2 6 5 4 7
D 65 53 2 29 30 9 7
D 66 43 2 6 47 4 7
D 67 53 3 49 52 59 60 9 7
D 2 45 4 3 8 46 48 64 65 66 67
L 68 0 -1
L 71 2 -2
L 72 4 -3
L 73 2 2
D 70 3 2 71 72 73 7
L 75 6 5
L 78 8 6
L 79 8 -6
D 77 25 2 78 4 79 7
L 85 60 4
L 86 60 -4
D 84 61 2 85 15 86 57
D 83 59 2 16 84 14 7
D 88 61 2 85 27 86 7
D 87 59 2 16 88 14 57
D 82 65 2 83 44 87 57
D 90 105 2 34 44 39 57
D 91 59 2 16 88 14 27
D 89 65 3 13 90 83 44 91 57
D 81 55 2 11 82 28 89
D 93 97 2 18 25 20 7
D 95 105 2 25 43 19 7
D 94 97 2 18 95 20 7
D 92 65 2 14 93 16 94
D 80 53 2 9 81 29 92
D 96 25 2 79 4 78 7
D 100 59 2 16 84 14 27
D 101 59 2 16 88 14 15
D 99 65 2 100 44 101 57
D 98 55 2 11 99 28 89
D 97 53 2 9 98 29 92
L 103 12 -8
L 105 26 54
L 106 26 -54
D 104 33 2 105 6 106 7
L 107 12 8
D 102 25 2 103 104 107 7
D 109 49 2 51 9 50 7
L 112 94 39
D 113 105 2 39 38 34 7
L 114 94 -39
D 111 97 2 112 113 114 57
D 115 97 2 112 113 114 7
D 110 65 2 58 111 54 115
D 116 49 2 50 9 51 7
D 108 53 3 109 110 116 115 29 92
D 118 33 2 106 6 105 7
D 117 25 2 103 118 107 6
D 122 105 2 34 36 39 57
D 121 97 2 112 122 114 57
D 123 97 2 112 122 114 7
D 120 65 2 58 121 54 123
D 119 53 3 109 120 116 123 29 92
D 76 45 4 77 80 96 97 102 108 117 119
L 124 6 -5
L 129 18 -11
L 130 24 14
L 131 18 11
D 128 21 2 129 130 131 7
D 127 17 2 79 128 78 7
L 134 24 -14
D 133 21 2 129 134 131 57
D 132 17 2 79 133 78 57
D 126 25 2 127 4 132 7
L 139 70 -17
L 140 104 49
L 141 70 17
D 138 93 2 139 140 141 57
D 137 65 2 16 138 14 7
D 142 65 2 16 138 14 57
D 136 55 2 28 137 11 142
D 135 53 2 9 98 29 136
D 145 21 2 129 134 131 7
D 144 17 2 79 145 78 7
D 147 21 2 129 130 131 57
D 146 17 2 79 147 78 57
D 143 25 2 144 4 146 7
D 148 53 2 9 98 29 142
D 150 17 2 79 131 78 7
D 151 33 2 105 4 106 7
D 152 17 2 79 129 78 57
D 149 25 2 150 151 152 7
D 155 65 2 14 38 16 57
D 154 55 2 28 155 11 57
D 153 53 2 9 98 29 154
D 157 33 2 106 4 105 7
D 156 25 2 150 157 152 7
D 161 97 2 112 38 114 7
D 162 97 2 114 36 112 57
D 160 65 2 14 161 16 162
D 159 55 2 28 160 11 162
D 158 53 2 9 98 29 159
D 164 17 2 78 128 79 7
D 165 17 2 78 133 79 57
D 163 25 2 164 4 165 7
D 166 53 2 9 81 29 136
D 168 17 2 78 145 79 7
D 169 17 2 78 147 79 57
D 167 25 2 168 4 169 7
D 170 53 2 9 81 29 142
D 172 17 2 78 131 79 7
D 173 17 2 78 129 79 57
D 171 25 2 172 151 173 7
D 174 53 2 9 81 29 154
D 175 25 2 172 157 173 7
D 176 53 2 9 81 29 159
D 178 17 2 103 128 107 7
D 179 17 2 107 128 103 7
D 177 25 3 178 118 179 6 133 7
D 182 97 2 112 122 114 43
D 181 65 2 86 182 85 123
D 180 53 2 9 181 29 136
D 184 17 2 103 145 107 7
D 185 17 2 107 145 103 7
D 183 25 3 184 118 185 6 147 7
D 186 53 2 9 181 29 142
D 188 17 2 107 131 103 7
D 189 17 2 107 129 103 57
D 187 25 2 188 104 189 7
D 190 53 2 9 181 29 154
D 191 25 2 131 118 129 7
D 192 53 2 9 181 29 159
D 194 17 2 103 133 107 57
D 193 25 2 178 104 194 7
D 197 97 2 112 113 114 43
D 196 65 2 86 197 85 115
D 195 53 2 9 196 29 136
D 199 17 2 103 147 107 57
D 198 25 2 184 104 199 7
D 200 53 2 9 196 29 142
D 202 17 2 103 131 107 7
D 203 17 2 103 129 107 57
D 201 25 2 202 104 203 7
D 204 53 2 9 196 29 154
D 125 45 15 126 135 143 148 149 153 156 158 163 166 167 170 171 174 175 176 177 180 183 186 187 190 191 192 193 195 198 200 201 204
D 74 7 2 75 76 124 125
L 206 4 3
D 205 3 2 71 206 73 7
D 208 33 2 105 64 106 7
D 211 65 2 58 112 54 7
D 210 55 2 11 211 28 7
D 213 105 2 25 56 19 57
D 215 97 2 20 44 18 57
D 214 65 2 14 215 16 7
D 212 55 2 11 213 28 214
D 217 97 2 112 56 114 57
D 216 55 2 11 217 28 214
D 218 97 2 114 36 112 7
D 209 53 4 116 210 59 212 49 216 109 218
D 219 33 2 105 66 106 7
D 223 59 2 16 58 14 7
D 224 59 2 16 54 14 57
D 222 65 2 223 36 224 57
D 221 55 2 11 222 28 44
D 220 53 3 116 210 109 218 29 221
D 225 33 2 106 64 105 7
D 229 97 2 114 19 112 57
D 230 97 2 114 19 112 7
D 228 65 2 58 229 54 230
D 227 55 2 11 228 28 230
D 226 53 4 116 227 59 212 49 216 109 7
D 231 33 2 106 66 105 7
D 232 53 3 116 227 29 221 109 7
D 233 25 2 79 3 78 7
D 234 53 3 59 212 49 216 9 98
D 235 25 2 79 46 78 7
D 236 53 2 9 98 29 221
D 237 25 2 78 3 79 7
D 238 53 3 59 212 49 216 9 81
D 239 25 2 78 46 79 7
D 240 53 2 9 81 29 221
D 207 45 8 208 209 219 220 225 226 231 232 233 234 235 236 237 238 239 240
D 242 33 2 106 3 105 7
D 244 65 2 54 90 58 57
D 247 105 2 25 38 19 7
D 248 59 2 16 27 14 57
D 246 65 2 21 247 248 7
D 245 55 2 28 246 11 7
D 243 53 2 9 244 29 245
D 249 33 2 106 46 105 7
D 251 55 2 28 27 11 57
D 253 65 2 15 36 27 57
D 252 55 2 28 253 11 57
D 250 53 3 59 251 49 252 9 244
D 256 97 2 114 26 112 7
D 255 65 2 14 256 16 7
D 254 53 2 9 255 29 245
D 257 53 3 59 251 49 252 9 255
D 258 33 2 105 3 106 7
D 259 53 2 29 245 9 7
D 260 33 2 105 46 106 7
D 261 53 3 59 251 49 252 9 7
D 241 45 6 242 243 249 250 64 254 66 257 258 259 260 261
D 69 5 3 70 74 205 207 73 241
D 0 1 2 1 2 68 69
