c ids of sdd nodes start at 0
c sdd nodes appear bottom-up, children before parents
c
c file syntax:
c sdd count-of-sdd-nodes
c F id-of-false-sdd-node
c T id-of-true-sdd-node
c L id-of-literal-sdd-node id-of-vtree literal
c D id-of-decomposition-sdd-node id-of-vtree number-of-elements {id-of-prime id-of-sub}*
c
sdd 101
L 2 0 -3
L 3 2 4
L 4 0 3
F 5
D 1 1 2 2 3 4 5
L 7 4 22
L 9 12 26
L 11 16 -2
L 13 40 34
L 15 46 -14
L 17 48 15
L 18 62 9
L 19 48 -15
D 16 57 2 17 18 19 5
L 20 46 14
D 14 47 2 15 16 20 5
L 21 40 -34
D 12 43 2 13 14 21 5
L 22 16 2
L 26 56 -8
L 27 68 12
L 28 56 8
D 25 57 2 26 27 28 5
D 24 47 2 20 25 15 16
D 23 43 2 13 24 21 5
D 10 17 2 11 12 22 23
L 30 8 24
L 31 12 -26
L 32 8 -24
D 29 9 2 30 31 32 5
L 34 20 -19
L 35 20 19
D 33 43 2 34 17 35 5
D 36 9 2 32 31 30 5
T 37
D 8 13 3 9 10 29 33 36 37
L 38 4 -22
L 43 36 32
L 44 36 -32
D 42 37 2 43 21 44 5
L 45 66 11
D 46 37 2 43 13 44 37
D 41 43 2 42 45 46 37
L 48 22 -20
L 49 24 -21
L 50 22 20
D 47 23 2 48 49 50 5
D 40 17 2 22 41 11 47
D 53 47 2 20 25 15 5
D 52 43 2 13 53 21 5
D 51 17 2 22 52 11 5
D 39 13 3 29 40 9 51 36 37
D 6 5 2 7 8 38 39
L 55 2 -4
D 54 1 2 2 55 4 5
L 59 14 1
L 60 14 -1
D 58 17 2 59 27 60 37
D 57 13 3 9 10 29 58 36 37
D 64 37 2 44 13 43 5
D 65 37 2 44 21 43 5
D 66 37 2 43 13 44 5
D 63 43 4 64 26 42 28 65 37 66 5
D 62 17 2 22 41 11 63
D 61 13 3 29 62 9 51 36 37
D 56 5 2 7 57 38 61
D 67 1 2 4 55 2 5
L 71 6 -23
L 72 6 23
D 70 9 2 71 9 72 5
L 76 58 5
L 78 62 -9
L 79 64 -10
D 77 63 2 78 79 18 5
L 80 58 -5
D 75 61 2 76 77 80 79
D 81 57 2 28 27 26 5
D 74 47 2 20 75 15 81
L 83 18 18
L 84 18 -18
D 82 33 2 83 42 84 5
L 85 66 -11
D 86 33 2 83 65 84 21
D 73 43 3 13 74 82 85 86 5
D 87 9 2 72 9 71 5
D 90 57 2 28 27 26 76
D 89 47 2 20 75 15 90
D 88 43 3 13 89 82 85 86 5
D 69 13 3 70 73 87 88 31 37
D 94 61 2 76 77 80 5
D 93 47 2 20 94 15 81
D 92 43 3 13 93 82 85 86 5
D 96 47 2 20 94 15 90
D 95 43 3 13 96 82 85 86 5
D 91 13 4 70 92 87 95 29 62 36 37
D 68 5 2 7 69 38 91
D 97 1 2 4 3 2 5
D 99 13 4 70 73 87 88 29 33 36 37
D 100 13 4 70 92 87 95 29 40 36 37
D 98 5 2 7 99 38 100
D 0 3 4 1 6 54 56 67 68 97 98
