c ids of sdd nodes start at 0
c sdd nodes appear bottom-up, children before parents
c
c file syntax:
c sdd count-of-sdd-nodes
c F id-of-false-sdd-node
c T id-of-true-sdd-node
c L id-of-literal-sdd-node id-of-vtree literal
c D id-of-decomposition-sdd-node id-of-vtree number-of-elements {id-of-prime id-of-sub}*
c
sdd 96
L 1 0 13
L 4 4 9
L 5 6 4
L 6 4 -9
F 7
D 3 5 2 4 5 6 7
L 9 10 -16
L 11 14 10
L 13 18 -2
L 15 20 -11
L 16 24 3
L 17 20 11
T 18
D 14 23 2 15 16 17 18
L 19 18 2
D 12 19 2 13 14 19 18
L 20 14 -10
L 23 26 -5
L 24 30 -7
L 25 26 5
D 22 29 2 23 24 25 7
D 21 19 2 19 22 13 14
D 10 15 2 11 12 20 21
L 26 10 16
L 28 16 1
L 29 16 -1
D 27 19 2 28 22 29 18
D 8 13 2 9 10 26 27
L 31 6 -4
D 30 5 2 4 31 6 7
L 37 30 7
L 38 24 -3
D 36 25 2 16 37 38 7
D 35 23 2 15 36 17 18
D 34 19 2 13 35 19 18
D 39 19 2 19 22 13 35
D 33 15 2 11 34 20 39
D 32 13 2 9 33 26 27
D 40 5 2 6 5 4 7
D 43 19 2 19 37 13 18
D 42 15 2 20 43 11 18
D 41 13 2 9 42 26 27
D 44 5 2 6 31 4 7
D 49 25 2 16 37 38 18
D 48 23 2 15 49 17 18
D 47 19 2 13 48 19 18
D 50 19 2 13 48 19 37
D 46 15 2 11 47 20 50
L 52 32 -8
D 51 19 2 28 22 29 52
D 45 13 2 9 46 26 51
D 2 7 4 3 8 30 32 40 41 44 45
L 54 0 -13
L 55 2 14
D 53 1 2 54 55 1 7
D 59 17 2 28 13 29 7
D 60 17 2 28 19 29 18
D 58 19 2 59 37 60 7
D 62 29 2 25 24 23 7
D 61 19 2 28 62 29 37
D 57 13 2 9 58 26 61
L 66 28 6
L 67 28 -6
D 65 29 2 66 24 67 7
D 64 19 2 19 65 13 7
D 68 29 2 67 37 66 18
D 63 13 2 26 64 9 68
D 69 13 2 26 61 9 37
D 70 13 2 26 24 9 18
D 56 7 4 44 57 30 63 40 69 3 70
L 72 2 -14
D 71 1 2 54 72 1 7
L 75 12 17
L 78 22 12
L 79 32 8
L 80 22 -12
D 77 23 2 78 79 80 18
D 83 25 2 38 52 16 18
D 84 25 2 16 79 38 7
D 82 23 2 80 83 78 84
D 85 23 2 80 83 78 79
D 81 19 2 28 82 29 85
D 76 15 2 11 77 20 81
L 86 12 -17
D 74 13 2 75 76 86 7
D 90 29 2 25 37 23 7
D 89 25 2 38 90 16 7
D 88 19 2 29 89 28 7
D 87 13 2 9 88 26 7
D 93 23 2 80 52 78 79
D 92 19 2 28 93 29 78
D 95 23 2 78 79 80 24
D 94 19 2 28 95 29 77
D 91 13 2 75 92 86 94
D 73 7 3 5 74 30 87 44 91
D 0 3 3 1 2 53 56 71 73
