c ids of sdd nodes start at 0
c sdd nodes appear bottom-up, children before parents
c
c file syntax:
c sdd count-of-sdd-nodes
c F id-of-false-sdd-node
c T id-of-true-sdd-node
c L id-of-literal-sdd-node id-of-vtree literal
c D id-of-decomposition-sdd-node id-of-vtree number-of-elements {id-of-prime id-of-sub}*
c
sdd 101
L 1 0 1
L 4 2 8
L 6 4 9
L 7 6 10
L 8 4 -9
F 9
D 5 5 2 6 7 8 9
L 10 2 -8
D 3 3 2 4 5 10 9
L 13 8 7
L 14 10 5
L 15 8 -7
D 12 9 2 13 14 15 9
L 17 12 4
L 19 14 2
L 21 16 6
L 22 18 3
L 23 16 -6
D 20 17 2 21 22 23 9
L 24 14 -2
L 26 18 -3
D 25 17 2 21 26 23 22
D 18 15 2 19 20 24 25
L 27 12 -4
D 29 17 2 23 22 21 9
D 30 17 2 23 26 21 22
D 28 15 2 19 29 24 30
D 16 13 2 17 18 27 28
L 32 10 -5
D 31 9 2 13 32 15 9
T 36
D 35 17 2 23 22 21 36
D 34 15 2 24 35 19 9
D 33 13 2 17 34 27 24
D 37 9 2 15 14 13 9
D 40 17 2 23 26 21 9
D 39 15 2 24 25 19 40
D 41 15 2 24 20 19 9
D 38 13 2 17 39 27 41
D 42 9 2 15 32 13 9
D 44 15 2 24 30 19 9
D 45 15 2 19 30 24 9
D 43 13 2 27 44 17 45
D 11 11 4 12 16 31 33 37 38 42 43
D 47 5 2 8 7 6 9
D 46 3 2 4 47 10 9
D 49 15 2 19 23 24 9
D 48 11 4 12 16 31 49 37 38 42 43
L 52 6 -10
D 51 5 2 6 52 8 9
D 50 3 2 10 51 4 9
D 56 17 2 21 26 23 9
D 55 15 2 24 40 19 56
D 57 15 2 24 25 19 30
D 54 13 2 17 55 27 57
D 58 9 2 15 32 13 36
D 60 15 2 19 25 24 30
D 59 13 2 27 57 17 60
D 53 11 2 37 54 58 59
D 62 5 2 8 52 6 9
D 61 3 2 10 62 4 9
D 66 17 2 21 22 23 36
D 65 15 2 19 35 24 66
D 64 13 2 17 65 27 57
D 63 11 2 37 64 58 59
D 67 3 2 10 7 4 9
D 68 3 2 4 52 10 9
D 69 13 2 17 57 27 60
D 2 7 6 3 11 46 48 50 53 61 63 67 59 68 69
L 70 0 -1
D 72 3 2 10 5 4 9
D 75 15 2 19 30 24 56
D 76 15 2 19 25 24 40
D 74 13 2 27 75 17 76
D 73 11 2 14 74 32 59
D 79 15 2 24 35 19 30
D 80 15 2 24 66 19 25
D 78 13 2 27 79 17 80
D 82 15 2 19 25 24 26
D 81 13 2 17 82 27 75
D 83 13 2 17 76 27 45
D 84 13 2 27 75 17 60
D 77 11 4 42 78 31 81 12 83 37 84
D 88 17 2 23 26 21 36
D 87 15 2 19 88 24 25
D 86 13 2 17 87 27 60
D 85 11 2 32 86 14 69
D 90 13 2 27 65 17 9
D 91 13 2 27 60 17 22
D 89 11 3 42 90 31 91 14 69
D 92 3 2 4 62 10 9
D 94 13 2 17 79 27 60
D 96 15 2 24 88 19 25
D 95 13 2 27 96 17 79
D 93 11 3 37 94 13 95 42 69
D 97 3 2 4 51 10 9
D 98 11 2 13 95 15 69
D 100 5 2 6 52 8 7
D 99 3 2 10 100 4 9
D 71 7 7 72 73 61 77 46 85 3 89 92 93 97 98 99 59
D 0 1 2 1 2 70 71
