c ids of sdd nodes start at 0
c sdd nodes appear bottom-up, children before parents
c
c file syntax:
c sdd count-of-sdd-nodes
c F id-of-false-sdd-node
c T id-of-true-sdd-node
c L id-of-literal-sdd-node id-of-vtree literal
c D id-of-decomposition-sdd-node id-of-vtree number-of-elements {id-of-prime id-of-sub}*
c
sdd 162
L 2 2 -42
L 4 8 45
L 5 10 -46
L 6 8 -45
F 7
D 3 9 2 4 5 6 7
L 8 2 42
D 1 7 2 2 3 8 7
L 11 16 17
L 12 18 18
L 13 16 -17
D 10 17 2 11 12 13 7
L 15 24 21
L 18 36 -53
L 19 42 -56
L 20 36 53
D 17 39 2 18 19 20 7
L 22 62 -60
L 24 88 4
L 25 112 -32
L 26 88 -4
D 23 89 2 24 25 26 7
L 27 62 60
D 21 71 2 22 23 27 7
L 29 42 56
D 28 39 2 18 29 20 7
D 31 89 2 26 25 24 7
D 30 71 2 27 31 22 25
L 33 54 30
L 35 84 -2
L 37 122 -9
L 38 112 32
D 36 113 2 25 37 38 7
L 39 84 2
D 34 89 2 35 36 39 25
L 40 54 -30
D 32 55 2 33 34 40 7
D 16 43 3 17 21 28 30 20 32
L 41 24 -21
L 45 64 -33
L 47 86 -3
L 49 110 31
L 51 118 -15
L 52 120 16
L 53 118 15
T 54
D 50 119 2 51 52 53 54
L 55 110 -31
D 56 119 2 51 52 53 7
D 48 113 2 49 50 55 56
L 57 86 3
D 46 89 2 47 48 57 7
L 58 64 33
D 44 71 2 45 46 58 7
L 60 102 -37
D 59 89 2 47 60 57 7
D 43 55 2 40 44 33 59
L 62 28 49
L 63 28 -49
D 61 35 2 62 18 63 7
L 65 82 -1
L 66 82 1
D 64 85 2 65 47 66 7
D 67 35 2 63 18 62 7
D 42 43 3 20 43 61 64 67 7
D 14 27 2 15 16 41 42
L 69 18 -18
D 68 17 2 11 69 13 7
D 73 71 2 45 46 58 47
D 72 55 2 40 73 33 59
L 75 90 -23
D 74 89 2 47 75 57 7
D 71 43 3 20 72 61 74 67 7
D 70 27 2 15 16 41 71
D 76 17 2 13 12 11 7
L 79 38 -54
L 81 48 27
L 84 128 12
D 83 113 2 38 84 25 54
D 85 85 2 66 47 65 7
D 82 89 3 64 83 85 37 57 7
L 86 48 -27
D 87 89 3 64 83 85 25 57 7
D 80 51 2 81 82 86 87
L 88 38 54
D 91 111 2 55 25 49 7
D 90 89 3 57 91 64 83 85 37
D 92 89 3 57 91 64 83 85 25
D 89 51 2 81 90 86 92
D 78 43 2 79 80 88 89
D 77 27 2 41 42 15 78
D 93 17 2 13 69 11 7
L 97 116 -14
D 96 89 2 47 97 57 7
D 95 43 2 20 72 18 96
L 99 34 52
L 101 46 26
L 103 52 29
L 107 96 -6
L 108 116 14
L 109 96 6
D 106 113 2 107 108 109 7
D 110 113 2 109 97 107 54
D 105 89 2 57 106 47 110
D 112 85 2 65 57 66 7
L 115 126 -11
L 116 128 -12
L 117 126 11
D 114 127 2 115 116 117 54
D 113 121 2 108 114 97 7
D 118 121 2 108 114 97 54
D 120 127 2 115 116 117 7
D 119 121 2 108 120 97 54
D 121 85 2 66 57 65 7
D 122 121 2 108 120 97 7
D 111 89 4 112 113 64 118 85 119 121 122
D 104 71 2 45 105 58 111
L 123 52 -29
L 126 78 64
D 127 89 2 57 108 47 54
L 128 78 -64
D 125 81 2 126 127 128 96
D 124 71 2 45 125 58 111
D 102 55 2 103 104 123 124
L 129 46 -26
D 132 89 2 65 118 66 119
D 131 71 2 58 132 45 110
D 134 81 2 128 97 126 54
D 133 71 2 45 134 58 132
D 130 55 2 103 131 123 133
D 100 51 2 101 102 129 130
L 135 34 -52
D 98 43 2 99 100 135 130
D 94 27 2 41 95 15 98
D 9 23 4 10 14 68 70 76 77 93 94
D 137 9 2 6 5 4 7
D 136 7 2 2 137 8 7
L 144 90 23
D 143 93 2 144 109 75 7
D 142 89 2 47 143 57 7
D 141 55 2 40 44 33 142
D 140 43 3 20 141 61 64 67 7
D 139 27 2 15 16 41 140
D 146 43 3 20 141 61 74 67 7
D 145 27 2 15 16 41 146
D 147 27 2 41 140 15 78
D 149 43 2 20 141 18 96
D 148 27 2 41 149 15 98
D 138 23 4 10 139 68 145 76 147 93 148
D 150 7 2 8 3 2 7
D 155 71 2 27 25 22 7
D 154 55 2 40 155 33 34
D 153 43 3 17 21 28 30 20 154
D 152 27 2 15 153 41 42
D 156 27 2 15 153 41 71
D 151 23 4 76 77 10 152 68 156 93 94
D 157 7 2 8 137 2 7
D 159 27 2 15 153 41 140
D 160 27 2 15 153 41 146
D 158 23 4 76 147 10 159 68 160 93 148
L 161 10 46
D 0 15 5 1 9 136 138 150 151 157 158 161 54
