c ids of sdd nodes start at 0
c sdd nodes appear bottom-up, children before parents
c
c file syntax:
c sdd count-of-sdd-nodes
c F id-of-false-sdd-node
c T id-of-true-sdd-node
c L id-of-literal-sdd-node id-of-vtree literal
c D id-of-decomposition-sdd-node id-of-vtree number-of-elements {id-of-prime id-of-sub}*
c
sdd 149
L 1 0 1
L 4 10 37
L 6 12 -39
L 8 14 -40
L 9 16 -38
L 10 14 40
F 11
D 7 15 2 8 9 10 11
L 12 12 39
D 5 13 2 6 7 12 11
L 13 10 -37
D 3 11 2 4 5 13 11
L 15 18 46
L 17 70 -41
L 19 74 -45
L 20 76 -42
L 21 74 45
L 22 76 42
D 18 75 2 19 20 21 22
L 23 70 41
D 24 75 2 21 22 19 11
D 16 71 2 17 18 23 24
L 25 18 -46
D 27 75 2 19 20 21 11
D 26 71 2 17 27 23 11
D 14 19 2 15 16 25 26
D 29 13 2 12 7 6 11
D 28 11 2 4 29 13 11
D 30 19 2 25 27 15 24
D 33 15 2 10 9 8 11
D 32 13 2 12 33 6 11
D 31 11 2 4 32 13 11
D 34 19 2 15 18 25 27
L 38 16 38
D 37 15 2 8 38 10 11
D 36 13 2 12 37 6 11
D 35 11 2 4 36 13 11
T 41
D 40 75 2 19 20 21 41
D 39 19 2 25 40 15 11
D 44 15 2 10 38 8 11
D 43 13 2 12 44 6 11
D 42 11 2 4 43 13 11
D 45 19 2 25 40 15 27
D 47 13 2 6 33 12 11
D 46 11 2 4 47 13 11
D 48 19 2 15 24 25 11
D 50 13 2 12 10 6 11
D 49 11 2 13 50 4 11
D 52 71 2 17 19 23 11
D 54 75 2 19 22 21 11
D 53 71 2 17 54 23 11
D 51 19 2 15 52 25 53
D 56 13 2 12 8 6 11
D 55 11 2 13 56 4 11
D 57 19 2 25 53 15 11
D 59 13 2 6 37 12 11
D 58 11 2 4 59 13 11
D 60 19 2 25 21 15 11
D 62 13 2 6 44 12 11
D 61 11 2 4 62 13 11
D 63 11 2 13 6 4 11
D 2 17 11 3 14 28 30 31 34 35 39 42 45 46 48 49 51 55 57 58 60 61 25 63 11
L 64 0 -1
L 66 2 2
D 68 11 2 4 56 13 11
D 69 19 2 25 27 15 54
D 70 11 2 4 50 13 11
D 72 75 2 19 22 21 41
D 71 19 2 15 72 25 27
L 74 72 -44
L 75 72 44
D 73 73 2 74 27 75 11
D 77 75 2 21 20 19 11
D 76 73 2 74 77 75 11
D 78 11 2 13 38 4 11
D 80 71 2 17 24 23 41
D 79 19 2 25 80 15 23
D 82 13 2 12 9 6 11
D 81 11 2 13 82 4 11
D 83 73 2 75 19 74 11
D 85 13 2 6 10 12 11
D 86 13 2 6 9 12 11
D 84 11 2 4 85 13 86
D 67 17 7 68 69 70 71 58 73 3 76 78 79 81 83 84 11
L 87 2 -2
L 89 4 3
L 93 22 -10
L 95 62 -7
L 96 64 -8
L 97 62 7
D 94 63 2 95 96 97 11
L 98 22 10
D 92 47 2 93 94 98 95
D 99 71 2 17 19 23 41
D 91 19 2 15 92 25 99
D 100 11 2 4 86 13 11
D 103 73 2 75 21 74 41
D 102 71 2 17 103 23 41
D 101 19 2 15 54 25 102
D 105 13 2 6 38 12 11
D 104 11 2 4 105 13 11
D 106 19 2 25 102 15 11
L 110 82 -13
D 109 69 2 95 110 97 11
D 108 47 2 93 109 98 95
D 107 19 2 15 108 25 41
D 111 19 2 25 24 15 11
D 112 11 2 13 5 4 11
L 114 78 -43
D 113 73 2 75 114 74 11
D 117 15 2 8 38 10 41
D 116 13 2 6 117 12 11
D 115 11 2 13 116 4 11
D 90 17 8 68 91 100 101 104 106 70 107 55 111 112 113 49 19 115 11
L 118 4 -3
D 120 11 2 4 85 13 11
L 122 60 -6
D 121 19 2 15 122 25 41
D 124 13 2 6 8 12 11
D 123 11 2 4 124 13 11
L 127 48 18
L 128 48 -18
D 126 69 2 127 22 128 41
L 130 66 -4
L 131 60 6
D 129 65 2 122 130 131 41
D 125 19 2 25 126 15 129
D 132 19 2 15 92 25 126
D 133 11 2 13 59 4 11
L 136 24 11
L 137 24 -11
D 135 47 2 136 21 137 11
D 134 19 2 15 135 25 136
L 141 84 14
D 140 69 2 122 141 131 11
D 139 47 2 137 140 136 21
D 142 47 2 137 140 136 41
D 138 19 2 15 139 25 142
D 143 11 2 13 47 4 11
L 146 66 4
D 145 69 2 146 75 130 41
D 147 69 2 146 74 130 41
D 144 19 2 15 145 25 147
D 148 11 2 13 62 4 11
D 119 17 10 120 121 70 107 123 125 68 132 133 134 112 138 143 142 55 144 49 19 148 136
D 88 5 2 89 90 118 119
D 65 3 2 66 67 87 88
D 0 1 2 1 2 64 65
