c ids of sdd nodes start at 0
c sdd nodes appear bottom-up, children before parents
c
c file syntax:
c sdd count-of-sdd-nodes
c F id-of-false-sdd-node
c T id-of-true-sdd-node
c L id-of-literal-sdd-node id-of-vtree literal
c D id-of-decomposition-sdd-node id-of-vtree number-of-elements {id-of-prime id-of-sub}*
c
sdd 420
L 3 838 1006
L 4 862 -1057
L 5 838 -1006
F 6
D 2 853 2 3 4 5 6
L 8 922 1014
L 10 1040 1002
L 12 1070 987
L 13 1072 -988
L 14 1070 -987
D 11 1071 2 12 13 14 6
L 15 1040 -1002
D 9 1047 2 10 11 15 6
L 16 922 -1014
D 7 1005 2 8 9 16 6
L 18 862 1057
T 19
D 17 853 2 3 18 5 19
D 1 877 2 2 7 17 6
L 21 1512 -488
L 24 1612 -52
L 25 1654 39
L 26 1612 52
D 23 1643 2 24 25 26 19
L 27 1708 4
L 29 1654 -39
D 28 1643 2 24 29 26 6
D 22 1677 2 23 27 28 6
L 30 1512 488
D 20 1609 2 21 22 30 27
L 34 870 1061
D 33 869 2 4 34 18 6
D 32 853 2 3 33 5 6
L 36 880 -1070
L 39 920 -1056
L 40 920 1056
D 38 921 2 39 16 40 6
L 42 1060 -978
D 41 1047 2 10 14 15 42
D 43 921 2 39 8 40 6
L 46 1072 988
D 45 1071 2 14 46 12 6
D 44 1047 2 10 45 15 42
D 47 921 2 40 16 39 6
D 49 1071 2 14 13 12 6
D 48 1047 2 10 49 15 42
D 50 921 2 40 8 39 6
D 51 1047 2 15 42 10 6
D 37 1005 4 38 41 43 44 47 48 50 51
L 52 880 1070
D 35 887 2 36 37 52 51
L 55 870 -1061
D 54 869 2 4 55 18 6
D 53 853 2 3 54 5 6
D 58 1047 2 10 49 15 6
D 59 1047 2 10 45 15 6
D 60 1047 2 10 14 15 6
D 57 1005 4 47 58 43 59 38 60 50 6
D 56 887 2 36 57 52 6
D 31 877 3 32 35 53 56 17 6
L 63 1708 -4
D 62 1677 2 28 63 23 19
D 61 1609 2 21 62 30 19
D 66 1005 2 8 58 16 6
D 65 887 2 36 66 52 6
D 64 877 2 2 65 17 6
L 70 1706 -3
L 71 1706 3
D 69 1707 2 70 27 71 19
D 72 1707 2 71 63 70 6
D 68 1677 2 23 69 28 72
D 67 1609 2 21 68 30 69
D 75 1005 2 40 59 39 6
D 74 887 2 36 75 52 6
D 73 877 2 2 74 17 6
L 79 1702 -1
L 80 1702 1
D 78 1705 2 79 69 80 19
D 81 1705 2 79 72 80 63
D 77 1677 2 23 78 28 81
D 76 1609 2 21 77 30 78
D 85 1071 2 12 46 14 6
D 84 1047 2 10 85 15 6
D 86 1047 2 10 12 15 6
D 83 1005 4 43 84 47 9 38 86 50 6
D 82 877 2 2 83 17 6
D 89 1707 2 71 27 70 19
D 90 1707 2 70 63 71 6
D 88 1677 2 23 89 28 90
D 87 1609 2 21 88 30 89
D 92 1005 2 40 84 39 6
D 91 877 2 2 92 17 6
D 95 1705 2 80 89 79 27
D 96 1705 2 80 90 79 6
D 94 1677 2 23 95 28 96
D 93 1609 2 21 94 30 95
D 98 887 2 52 75 36 6
D 97 877 2 2 98 17 6
L 102 1694 -5
L 103 1694 5
D 101 1697 2 102 95 103 78
D 104 1697 2 102 96 103 81
D 100 1677 2 23 101 28 104
D 99 1609 2 21 100 30 101
D 106 887 2 52 57 36 6
D 105 877 2 2 106 17 6
D 109 1697 2 102 89 103 19
D 110 1697 2 102 90 103 63
D 108 1677 2 23 109 28 110
D 107 1609 2 21 108 30 109
L 113 1010 -982
L 114 1010 982
D 112 1013 2 113 51 114 6
D 116 869 2 4 34 18 19
D 115 853 2 3 116 5 19
D 111 877 2 53 112 115 6
L 120 1686 -13
L 121 1686 13
D 119 1693 2 120 89 121 19
D 122 1643 2 26 29 24 6
D 123 1693 2 121 69 120 27
D 124 1693 2 121 72 120 6
D 118 1677 3 25 119 122 123 28 124
D 125 1677 2 25 119 29 123
D 117 1609 2 21 118 30 125
L 129 1060 978
D 128 1047 2 15 129 10 6
D 127 1013 2 113 128 114 6
D 126 877 2 53 127 115 6
L 134 1658 -41
D 133 1655 2 25 134 29 6
D 132 1643 2 24 133 26 134
D 136 1655 2 29 134 25 6
D 135 1643 2 24 136 26 6
D 137 1693 2 120 90 121 63
L 140 1658 41
D 139 1655 2 25 140 29 6
D 138 1643 2 24 139 26 140
D 141 1693 2 120 95 121 78
D 143 1655 2 29 140 25 6
D 142 1643 2 24 143 26 6
D 144 1693 2 120 96 121 81
D 131 1677 4 132 119 135 137 138 141 142 144
D 145 1677 2 134 119 140 141
D 130 1609 2 21 131 30 145
D 147 1013 2 114 51 113 6
D 146 877 2 53 147 115 6
D 149 1677 3 122 69 28 72 25 19
D 150 1677 2 29 69 25 19
D 148 1609 2 21 149 30 150
D 152 1013 2 114 128 113 6
D 151 877 3 53 152 32 128 17 6
D 154 1677 4 138 78 142 81 135 63 132 19
D 155 1677 2 140 78 134 19
D 153 1609 2 21 154 30 155
D 157 887 2 52 66 36 6
D 156 877 2 2 157 17 6
D 160 1697 2 103 69 102 27
D 161 1697 2 103 72 102 6
D 159 1677 2 23 160 28 161
D 158 1609 2 21 159 30 160
L 164 858 1067
L 165 858 -1067
D 163 861 2 164 18 165 6
L 169 1028 996
L 170 1028 -996
D 168 1029 2 169 58 170 6
D 167 1005 2 8 168 16 6
D 166 887 2 52 167 36 6
D 171 861 2 164 4 165 19
D 162 877 2 163 166 171 6
L 173 1644 -34
L 174 1644 34
D 172 1677 2 173 160 174 161
D 177 869 2 18 34 4 6
D 176 861 2 164 177 165 6
D 180 1063 2 129 13 42 6
D 179 1047 2 15 180 10 6
D 178 1029 2 169 179 170 6
D 182 869 2 18 55 4 6
D 181 861 2 164 182 165 6
D 183 1013 2 114 178 113 6
D 175 877 3 176 178 181 183 171 6
D 185 1651 2 173 140 174 6
D 186 1651 2 174 140 173 6
D 187 1651 2 174 134 173 6
D 188 1651 2 173 134 174 6
D 184 1677 4 185 78 186 81 187 63 188 19
D 193 1063 2 42 13 129 6
D 192 1047 2 15 193 10 6
D 191 1029 2 169 192 170 6
D 190 1013 2 114 191 113 6
D 195 869 2 18 34 4 19
D 194 861 2 164 195 165 19
D 189 877 2 181 190 194 6
D 197 1651 2 173 29 174 6
D 198 1651 2 174 29 173 6
D 199 1651 2 174 25 173 6
D 200 1651 2 173 25 174 6
D 196 1677 4 197 69 198 72 199 63 200 19
D 202 1013 2 113 178 114 6
D 201 877 2 181 202 194 6
D 203 1677 4 188 119 187 137 185 141 186 144
D 205 1013 2 113 191 114 6
D 204 877 2 181 205 194 6
D 206 1677 4 200 119 199 137 197 123 198 124
D 209 1005 2 16 168 8 6
D 208 887 2 52 209 36 6
D 207 877 2 163 208 171 6
D 210 1677 2 173 109 174 110
D 213 1029 2 169 9 170 6
D 212 1005 2 16 213 8 6
D 211 877 2 163 212 171 6
D 214 1677 2 173 89 174 90
D 216 887 2 36 167 52 6
D 215 877 2 163 216 171 6
D 217 1677 2 173 69 174 72
D 222 1047 2 15 193 10 49
D 221 1029 2 169 222 170 6
D 220 1005 2 16 221 8 191
D 219 887 2 36 220 52 191
D 223 887 2 36 209 52 6
D 218 877 3 176 219 181 223 171 6
D 224 1677 2 174 63 173 19
D 228 1029 2 170 58 169 6
D 227 1005 2 8 228 16 6
D 226 887 2 52 227 36 6
D 225 877 2 18 226 4 6
L 230 1670 -47
L 232 1692 16
L 233 1692 -16
D 231 1693 2 232 160 233 161
L 234 1670 47
L 237 1698 7
L 238 1698 -7
D 236 1701 2 237 69 238 72
D 239 1701 2 237 27 238 6
D 235 1697 2 103 236 102 239
D 229 1677 2 230 231 234 235
D 242 1029 2 170 128 169 6
D 241 887 2 52 242 36 6
D 244 1013 2 114 242 113 6
D 243 887 2 52 244 36 6
D 240 877 3 177 241 182 243 4 6
D 246 1659 2 140 230 134 6
D 247 1693 2 232 78 233 81
D 248 1659 2 134 230 140 6
D 249 1693 2 233 63 232 19
D 250 1659 2 140 234 134 6
D 251 1701 2 237 78 238 81
D 252 1659 2 134 234 140 6
D 253 1701 2 238 63 237 19
D 245 1677 4 246 247 248 249 250 251 252 253
D 257 1029 2 170 51 169 6
D 256 1013 2 114 257 113 6
D 255 887 2 52 256 36 6
D 254 877 2 182 255 195 6
D 259 1659 2 29 230 25 6
D 260 1693 2 232 69 233 72
D 261 1659 2 25 230 29 6
D 262 1659 2 29 234 25 6
D 263 1659 2 25 234 29 6
D 258 1677 4 259 260 261 249 262 236 263 253
D 266 1013 2 113 242 114 6
D 265 887 2 52 266 36 6
D 264 877 2 182 265 195 6
D 269 1689 2 120 232 121 6
D 270 1689 2 121 232 120 6
D 271 1689 2 120 233 121 6
D 272 1689 2 121 233 120 6
D 268 1693 4 269 95 270 78 271 96 272 81
D 273 1693 4 269 89 271 90 272 63 270 19
D 275 1701 2 237 89 238 90
D 274 1693 2 120 275 121 253
D 277 1701 2 237 95 238 96
D 276 1693 2 120 277 121 251
D 267 1677 4 246 268 248 273 252 274 250 276
D 280 1013 2 113 257 114 6
D 279 887 2 52 280 36 6
D 278 877 2 182 279 195 6
D 282 1693 4 270 69 272 72 269 27 271 6
D 283 1693 2 121 236 120 239
D 281 1677 4 259 282 261 273 263 274 262 283
D 287 1029 2 170 60 169 6
D 288 1029 2 170 59 169 6
D 286 1005 4 38 287 47 228 43 288 50 6
D 285 887 2 52 286 36 6
D 284 877 2 18 285 4 6
D 290 1693 2 232 109 233 110
D 291 1697 2 102 275 103 253
D 289 1677 2 230 290 234 291
D 294 1005 2 40 288 39 6
D 293 887 2 52 294 36 6
D 292 877 2 18 293 4 6
D 296 1693 2 232 101 233 104
D 297 1697 2 102 277 103 251
D 295 1677 2 230 296 234 297
D 301 1029 2 170 84 169 6
D 300 1005 2 40 301 39 6
D 299 887 2 52 300 36 6
D 298 877 2 18 299 4 6
D 303 1693 2 232 95 233 96
D 302 1677 2 230 303 234 277
D 307 1029 2 170 86 169 6
D 308 1029 2 170 9 169 6
D 306 1005 4 38 307 47 308 43 301 50 6
D 305 887 2 52 306 36 6
D 304 877 2 18 305 4 6
D 310 1693 2 232 89 233 90
D 309 1677 2 230 310 234 275
D 312 887 2 52 257 36 6
D 313 869 2 18 55 4 19
D 311 877 2 177 312 313 6
D 314 1677 2 230 249 234 253
D 316 887 2 36 242 52 6
D 317 887 2 36 244 52 6
D 315 877 3 177 316 182 317 4 6
D 318 1677 4 250 251 252 253 246 78 248 19
D 320 887 2 36 256 52 6
D 319 877 2 182 320 195 6
D 321 1677 4 262 236 263 253 259 69 261 19
D 323 887 2 36 266 52 6
D 322 877 2 182 323 195 6
D 324 1677 4 252 274 248 119 250 276 246 141
D 326 887 2 36 280 52 6
D 325 877 2 182 326 195 6
D 327 1677 4 263 274 261 119 262 283 259 123
D 329 887 2 36 300 52 6
D 328 877 2 18 329 4 6
D 330 1677 2 234 277 230 95
D 332 887 2 36 306 52 6
D 331 877 2 18 332 4 6
D 333 1677 2 234 275 230 89
D 335 887 2 36 294 52 6
D 334 877 2 18 335 4 6
D 336 1677 2 234 251 230 78
D 338 887 2 36 227 52 6
D 337 877 2 18 338 4 6
D 339 1677 2 234 236 230 69
D 343 1029 2 170 44 169 6
D 344 1029 2 170 48 169 6
D 345 1029 2 170 41 169 6
D 342 1005 4 43 343 47 344 38 345 50 257
D 341 887 2 36 342 52 6
D 346 887 2 36 286 52 6
D 340 877 3 177 341 182 346 4 6
D 347 1677 2 234 253 230 19
D 349 853 2 5 4 3 6
D 350 853 2 5 18 3 19
D 348 877 2 349 157 350 6
D 354 1063 2 129 46 42 6
D 353 1047 2 15 354 10 6
D 352 1029 2 169 353 170 6
D 355 1013 2 114 352 113 6
D 356 853 2 5 54 3 6
D 357 853 2 5 33 3 6
D 351 877 5 177 352 182 355 356 152 357 128 2 6
D 362 1063 2 42 46 129 6
D 361 1047 2 15 362 10 6
D 360 1029 2 169 361 170 6
D 359 1013 2 114 360 113 6
D 363 853 2 3 195 5 34
D 358 877 3 182 359 356 147 363 6
D 365 1013 2 113 352 114 6
D 364 877 3 182 365 356 127 363 6
D 367 1013 2 113 360 114 6
D 366 877 3 182 367 356 112 363 6
D 371 1029 2 169 59 170 6
D 370 1005 2 39 371 40 6
D 369 887 2 52 370 36 6
D 368 877 3 18 369 349 106 2 6
D 374 1005 2 40 371 39 6
D 373 887 2 52 374 36 6
D 372 877 3 18 373 349 98 2 6
D 377 1029 2 169 84 170 6
D 376 1005 2 40 377 39 6
D 375 877 3 18 376 349 92 2 6
D 379 1005 2 39 377 40 6
D 378 877 3 18 379 349 83 2 6
D 381 887 2 36 374 52 6
D 380 877 3 18 381 349 74 2 6
D 382 877 2 349 65 350 6
D 384 861 2 165 18 164 6
D 385 861 2 165 4 164 19
D 383 877 2 384 166 385 6
D 387 861 2 165 177 164 6
D 388 861 2 165 182 164 6
D 386 877 3 387 178 388 183 385 6
D 389 1677 2 140 81 134 63
D 391 861 2 165 195 164 19
D 390 877 2 388 190 391 6
D 392 1677 2 29 72 25 63
D 393 877 2 388 202 391 6
D 394 1677 2 134 137 140 144
D 395 877 2 388 205 391 6
D 396 1677 2 25 137 29 124
D 397 877 2 384 208 385 6
D 398 877 2 384 212 385 6
D 399 877 2 384 216 385 6
D 401 1005 2 8 213 16 6
D 400 877 2 163 401 171 6
D 402 1677 2 173 27 174 6
D 405 1005 2 8 308 16 6
D 404 887 2 52 405 36 6
D 403 877 2 18 404 4 6
D 407 1693 2 232 27 233 6
D 406 1677 2 230 407 234 239
D 409 887 2 36 405 52 6
D 408 877 2 18 409 4 6
D 410 1677 2 234 239 230 27
D 411 877 3 387 219 388 223 385 6
D 412 877 2 349 7 350 6
D 417 1047 2 15 362 10 45
D 416 1029 2 169 417 170 6
D 415 1005 2 39 416 40 360
D 414 887 2 36 415 52 360
D 418 887 2 36 370 52 6
D 413 877 5 177 414 357 35 356 56 182 418 2 6
D 419 877 2 384 401 385 6
D 0 1073 67 1 20 31 61 64 67 73 76 82 87 91 93 97 99 105 107 111 117 126 130 146 148 151 153 156 158 162 172 175 184 189 196 201 203 204 206 207 210 211 214 215 217 218 224 225 229 240 245 254 258 264 267 278 281 284 289 292 295 298 302 304 309 311 314 315 318 319 321 322 324 325 327 328 330 331 333 334 336 337 339 340 347 348 160 351 155 358 150 364 145 366 125 368 109 372 101 375 95 378 89 380 78 382 69 383 161 386 389 390 392 393 394 395 396 397 110 398 90 399 72 400 402 403 406 408 410 411 63 412 27 413 19 419 6
