c ids of sdd nodes start at 0
c sdd nodes appear bottom-up, children before parents
c
c file syntax:
c sdd count-of-sdd-nodes
c F id-of-false-sdd-node
c T id-of-true-sdd-node
c L id-of-literal-sdd-node id-of-vtree literal
c D id-of-decomposition-sdd-node id-of-vtree number-of-elements {id-of-prime id-of-sub}*
c
sdd 238
L 2 0 -3
L 3 2 -4
L 4 0 3
F 5
D 1 1 2 2 3 4 5
L 7 6 -32
L 10 8 1
L 11 10 2
L 12 8 -1
D 9 9 2 10 11 12 5
L 14 20 26
L 16 26 12
L 18 28 20
L 20 48 -17
L 22 54 5
L 23 58 -33
L 24 54 -5
D 21 57 2 22 23 24 5
L 25 48 17
D 19 49 2 20 21 25 5
L 26 28 -20
L 28 40 7
L 30 46 16
L 32 60 34
L 34 66 14
L 35 68 -21
L 36 66 -14
D 33 67 2 34 35 36 5
L 37 60 -34
T 38
D 31 63 2 32 33 37 38
L 39 46 -16
D 40 63 2 32 33 37 5
D 29 49 2 30 31 39 40
L 41 40 -7
D 27 43 2 28 29 41 40
D 17 29 2 18 19 26 27
L 42 26 -12
D 15 27 2 16 17 42 5
L 45 12 24
L 46 16 23
L 47 12 -24
D 44 13 2 45 46 47 5
L 48 20 -26
L 50 16 -23
D 49 13 2 45 50 47 38
D 43 17 2 44 48 49 5
L 52 22 10
L 54 52 -19
D 53 49 2 39 54 30 38
L 55 22 -10
D 51 23 2 52 53 55 38
L 59 14 22
L 60 14 -22
D 58 15 2 59 50 60 5
D 57 13 2 45 58 47 5
D 62 15 2 59 46 60 38
D 61 13 2 45 62 47 38
D 56 17 2 57 48 61 5
L 64 58 33
D 63 49 2 39 64 30 5
D 67 15 2 60 50 59 5
D 66 13 2 45 67 47 38
D 69 15 2 60 46 59 38
D 68 13 2 45 69 47 5
D 65 17 2 66 48 68 5
D 13 21 4 14 15 43 51 56 63 65 38
D 70 9 2 12 11 10 5
L 74 24 11
L 75 24 -11
D 73 25 2 74 42 75 5
L 78 68 21
D 77 63 2 22 78 24 5
D 76 49 2 25 77 20 5
L 82 38 15
L 83 42 8
L 84 38 -15
D 81 39 2 82 83 84 38
L 86 64 -13
D 85 49 2 20 21 25 86
L 88 42 -8
D 87 39 2 82 88 84 5
D 80 43 2 81 85 87 19
D 79 29 2 18 80 26 27
D 89 25 2 75 42 74 5
D 72 27 3 73 76 16 79 89 5
D 71 21 4 14 72 43 51 56 63 65 38
L 91 10 -2
D 90 9 2 10 91 12 5
L 98 50 18
L 100 64 13
D 99 63 2 24 100 22 38
L 101 50 -18
D 102 63 2 24 100 22 5
D 97 53 2 98 99 101 102
D 96 49 2 20 97 25 5
D 103 49 2 20 102 25 5
D 95 43 2 82 96 84 103
D 94 29 2 18 95 26 27
D 93 27 2 16 94 42 5
D 105 13 2 45 60 47 5
D 106 13 2 45 59 47 38
D 104 17 2 105 48 106 5
D 109 43 2 28 25 41 38
D 108 29 2 18 109 26 38
D 110 43 2 28 36 41 38
D 107 27 2 42 108 16 110
D 112 13 2 45 59 47 5
D 113 13 2 45 60 47 38
D 111 17 2 112 48 113 5
D 117 39 2 82 41 84 5
L 118 44 -9
D 119 39 2 84 41 82 5
D 116 43 3 28 25 117 118 119 38
D 121 39 2 82 28 84 38
D 120 43 2 117 118 121 38
D 115 29 2 18 116 26 120
D 122 43 3 28 36 117 118 119 38
D 114 27 2 42 115 16 122
D 123 17 2 47 48 45 5
D 92 21 4 14 93 104 107 111 114 123 38
D 124 9 2 12 91 10 5
D 129 39 2 82 83 84 5
D 130 49 2 20 97 25 86
D 131 49 2 20 99 25 86
D 128 43 3 129 130 84 131 87 96
D 127 29 2 18 128 26 27
D 126 27 3 73 76 16 127 89 5
D 133 29 2 18 109 26 41
D 132 27 2 42 133 16 110
D 136 43 3 117 118 119 38 28 5
D 135 29 2 26 136 18 116
D 134 27 2 42 135 16 122
D 125 21 4 14 126 104 132 111 134 123 38
D 8 11 4 9 13 70 71 90 92 124 125
L 137 6 32
D 141 13 2 45 50 47 5
D 142 13 2 45 46 47 38
D 140 17 2 141 48 142 5
D 145 43 2 83 36 88 34
D 148 53 2 101 36 98 38
D 147 43 2 83 148 88 34
D 149 43 2 88 34 83 38
D 146 29 2 26 147 18 149
D 144 27 2 75 145 74 146
D 153 53 2 101 34 98 38
D 152 43 2 83 153 88 34
D 154 43 2 83 98 88 34
D 151 29 2 18 152 26 154
D 156 53 2 98 36 101 5
D 155 43 2 83 156 88 34
D 150 27 2 74 151 75 155
D 143 23 2 55 144 52 150
D 139 21 4 140 143 14 72 43 150 123 38
D 157 21 4 140 143 14 126 43 150 123 38
D 161 43 2 83 36 88 5
D 163 43 2 83 148 88 5
D 162 29 2 26 163 18 83
D 160 27 2 75 161 74 162
D 166 43 2 83 153 88 5
D 167 43 2 83 98 88 5
D 165 29 2 18 166 26 167
D 168 43 2 83 156 88 5
D 164 27 2 74 165 75 168
D 159 23 2 55 160 52 164
D 158 21 4 140 159 14 15 43 164 123 38
D 169 21 4 140 159 14 93 43 164 123 38
D 138 11 4 70 139 124 157 9 158 90 169
D 6 7 2 7 8 137 138
D 170 1 2 4 3 2 5
D 176 43 2 28 31 41 40
D 175 29 2 18 80 26 176
D 174 27 2 16 175 42 5
D 173 21 4 14 174 43 51 56 63 65 38
D 179 29 2 18 19 26 176
D 178 27 2 16 179 42 5
D 177 21 4 14 178 43 51 56 63 65 38
D 182 29 2 18 95 26 176
D 181 27 2 16 182 42 5
D 180 21 4 14 181 104 107 111 114 123 38
D 185 29 2 18 128 26 176
D 184 27 2 16 185 42 5
D 183 21 4 14 184 104 132 111 134 123 38
D 172 11 4 70 173 9 177 90 180 124 183
D 190 43 2 41 20 28 5
D 189 29 2 26 190 18 98
D 188 27 2 16 182 42 189
D 187 21 4 140 159 14 188 43 164 123 38
D 192 27 2 16 179 42 189
D 191 21 4 140 159 14 192 43 164 123 38
D 194 27 2 16 185 42 189
D 193 21 4 140 143 14 194 43 150 123 38
D 196 27 2 16 175 42 189
D 195 21 4 140 143 14 196 43 150 123 38
D 186 11 4 90 187 9 191 124 193 70 195
D 171 7 2 7 172 137 186
L 197 2 4
D 200 17 2 50 14 46 5
L 203 44 9
D 205 47 2 39 20 30 5
D 206 63 2 22 34 24 5
D 207 47 2 39 25 30 38
D 204 49 2 205 206 207 5
D 202 45 2 203 204 118 5
D 201 29 2 18 202 26 5
D 209 13 2 47 46 45 5
D 210 13 2 47 50 45 5
D 208 17 4 141 48 209 14 44 38 210 5
D 199 21 3 200 201 123 38 208 5
D 212 17 2 46 14 50 5
D 216 45 2 118 205 203 5
D 215 43 2 28 216 41 5
D 214 29 2 18 215 26 5
D 213 27 2 75 214 74 5
D 220 45 2 203 204 118 205
D 219 43 2 28 220 41 202
D 218 29 2 18 219 26 5
D 217 27 2 75 218 74 201
D 222 53 2 98 102 101 5
D 224 43 2 88 22 83 38
D 223 27 2 75 224 74 88
D 221 23 2 52 222 55 223
D 228 39 2 84 28 82 5
D 229 45 2 118 78 203 5
L 231 52 19
D 230 53 2 54 35 231 5
D 227 43 3 228 229 82 230 119 5
D 233 45 2 118 35 203 5
D 232 43 3 119 233 82 230 228 118
D 226 27 2 75 227 74 232
D 236 49 2 20 24 25 38
D 235 43 3 228 229 82 236 119 5
D 237 43 3 119 233 82 236 228 118
D 234 27 2 75 235 74 237
D 225 23 2 52 226 55 234
D 211 21 5 212 213 200 217 43 221 140 225 123 38
D 198 7 2 137 199 7 211
D 0 3 3 1 6 170 171 197 198
