c ids of sdd nodes start at 0
c sdd nodes appear bottom-up, children before parents
c
c file syntax:
c sdd count-of-sdd-nodes
c F id-of-false-sdd-node
c T id-of-true-sdd-node
c L id-of-literal-sdd-node id-of-vtree literal
c D id-of-decomposition-sdd-node id-of-vtree number-of-elements {id-of-prime id-of-sub}*
c
sdd 100
L 1 0 12
L 4 6 14
L 5 8 15
L 6 6 -14
F 7
D 3 7 2 4 5 6 7
L 9 10 8
L 11 16 1
L 13 20 13
L 15 24 -11
L 16 28 7
L 17 24 11
D 14 25 2 15 16 17 7
L 18 20 -13
D 12 21 2 13 14 18 7
L 19 16 -1
L 21 26 -6
D 20 25 2 15 21 17 7
D 10 17 2 11 12 19 20
L 22 10 -8
L 24 28 -7
T 25
D 23 17 2 19 24 11 25
D 8 13 2 9 10 22 23
D 26 7 2 6 5 4 7
L 29 14 -2
L 32 18 -4
L 35 26 6
D 34 27 2 21 24 35 25
D 33 25 2 15 34 17 7
L 36 18 4
D 31 19 2 32 33 36 15
D 30 17 2 19 31 11 12
L 37 14 2
D 39 25 2 15 35 17 7
D 38 17 2 11 12 19 39
D 28 15 2 29 30 37 38
D 27 13 2 9 28 22 23
L 41 8 -15
D 40 7 2 6 41 4 7
D 44 17 2 19 39 11 7
D 43 15 2 37 44 29 7
D 46 19 2 32 24 36 25
D 45 17 2 19 46 11 16
D 42 13 2 9 43 22 45
D 47 7 2 4 41 6 7
D 48 13 2 22 45 9 7
D 2 9 4 3 8 26 27 40 42 47 48
L 49 0 -12
L 51 2 5
L 53 4 -3
D 58 25 2 15 24 17 16
D 57 17 2 19 58 11 15
D 60 25 2 17 16 15 7
D 59 17 2 19 60 11 14
D 56 15 2 37 57 29 59
D 55 13 2 22 56 9 43
L 63 12 -9
D 62 11 2 22 63 9 7
D 64 15 2 29 60 37 7
L 66 12 9
D 65 11 2 22 66 9 7
D 69 25 2 15 24 17 25
D 68 17 2 19 69 11 60
D 67 15 2 29 68 37 7
D 61 13 3 62 64 65 67 9 28
D 71 15 2 29 69 37 7
D 70 13 2 22 71 9 10
D 74 25 2 17 16 15 25
D 73 15 2 37 74 29 16
D 72 13 2 22 73 9 7
D 54 9 4 40 55 26 61 3 70 47 72
L 75 4 3
D 77 13 2 9 43 22 73
D 76 9 4 40 77 26 61 3 70 47 72
D 52 5 2 53 54 75 76
L 78 2 -5
D 83 21 2 18 58 13 25
D 82 19 2 36 83 32 17
D 81 13 2 9 10 22 82
D 84 13 2 9 28 22 82
D 86 19 2 36 13 32 17
D 85 13 2 9 43 22 86
D 87 13 2 22 86 9 7
D 80 9 4 3 81 26 84 40 85 47 87
D 90 17 2 19 74 11 7
D 89 13 3 65 90 9 43 62 7
D 93 19 2 36 16 32 7
D 95 25 2 15 24 17 7
D 94 19 2 32 95 36 15
D 92 17 2 19 93 11 94
D 96 17 2 11 94 19 7
D 91 13 3 62 92 65 96 9 10
D 97 13 3 62 92 65 96 9 28
D 99 11 2 22 63 9 25
D 98 13 2 65 90 99 7
D 88 9 4 40 89 3 91 26 97 47 98
D 79 5 2 75 80 53 88
D 50 3 2 51 52 78 79
D 0 1 2 1 2 49 50
