c ids of sdd nodes start at 0
c sdd nodes appear bottom-up, children before parents
c
c file syntax:
c sdd count-of-sdd-nodes
c F id-of-false-sdd-node
c T id-of-true-sdd-node
c L id-of-literal-sdd-node id-of-vtree literal
c D id-of-decomposition-sdd-node id-of-vtree number-of-elements {id-of-prime id-of-sub}*
c
sdd 556
L 1 0 24
L 3 4 1
L 5 10 13
L 7 18 15
L 10 20 -2
L 11 22 9
L 12 20 2
F 13
D 9 21 2 10 11 12 13
L 15 24 -16
L 17 28 21
L 19 32 17
L 21 34 -8
L 23 42 10
L 25 46 27
L 27 52 3
L 29 54 -6
L 30 56 -7
L 31 54 6
D 28 55 2 29 30 31 13
L 32 52 -3
D 26 53 2 27 28 32 29
L 33 46 -27
D 35 55 2 31 30 29 13
D 34 53 2 27 35 32 29
D 24 47 2 25 26 33 34
L 36 42 -10
D 38 53 2 27 35 32 13
D 39 53 2 27 28 32 13
D 37 47 2 33 38 25 39
D 22 43 2 23 24 36 37
L 40 34 8
L 42 40 -18
L 45 44 -26
L 46 44 26
D 44 45 2 45 25 46 13
L 49 56 7
T 50
D 48 55 2 31 49 29 50
D 47 53 2 27 48 32 50
D 51 45 2 45 33 46 13
D 53 55 2 29 49 31 50
D 52 53 2 27 53 32 50
D 54 45 2 46 25 45 13
D 55 53 2 27 48 32 13
D 56 45 2 46 33 45 13
D 57 53 2 27 53 32 13
D 43 47 4 44 47 51 52 54 55 56 57
L 58 40 18
L 61 48 28
L 62 48 -28
D 60 51 2 61 55 62 39
D 63 51 2 61 57 62 38
D 59 47 2 25 60 33 63
D 41 41 2 42 43 58 59
D 20 37 2 21 22 40 41
L 64 32 -17
D 67 47 2 25 55 33 57
D 66 41 2 58 59 42 67
D 65 37 2 21 22 40 66
D 18 33 2 19 20 64 65
L 68 28 -21
L 72 38 -4
L 73 50 29
L 74 38 4
D 71 41 2 72 73 74 50
L 77 50 -29
D 78 53 2 27 29 32 50
D 76 51 2 77 78 73 50
D 80 53 2 27 29 32 13
D 79 51 2 77 80 73 50
D 75 47 2 46 76 45 79
D 70 37 2 40 71 21 75
D 82 39 2 74 58 72 13
D 84 53 2 27 30 32 13
D 83 43 2 23 84 36 50
D 85 39 2 72 58 74 13
D 86 43 2 23 33 36 13
D 87 47 2 45 31 46 50
D 81 41 3 82 83 85 86 42 87
D 69 33 2 19 70 64 81
D 16 31 2 17 18 68 69
L 88 24 16
D 91 37 2 40 41 21 37
D 92 37 2 40 66 21 37
D 90 33 2 19 91 64 92
D 89 31 2 17 90 68 69
D 14 25 2 15 16 88 89
L 94 22 -9
D 93 21 2 10 94 12 13
D 99 47 2 45 30 46 50
D 98 41 3 82 83 85 86 42 99
D 97 33 2 19 70 64 98
D 96 31 2 17 18 68 97
D 100 31 2 17 90 68 97
D 95 25 2 15 96 88 100
D 108 53 2 27 49 32 50
D 107 51 2 61 108 62 32
D 110 53 2 27 49 32 13
D 109 51 2 61 110 62 13
D 106 47 2 45 107 46 109
D 113 53 2 27 30 32 50
D 112 51 2 62 113 61 50
D 114 51 2 62 84 61 27
D 111 47 2 45 112 46 114
D 105 43 2 36 106 23 111
D 115 43 2 23 114 36 109
D 104 41 2 42 105 58 115
D 116 43 2 23 84 36 13
D 103 37 2 40 104 21 116
D 117 37 2 21 116 40 115
D 102 33 2 19 103 64 117
D 121 43 2 36 29 23 50
D 120 41 3 82 83 42 121 85 86
D 124 55 2 29 30 31 50
D 123 43 2 23 124 36 28
D 122 41 3 42 123 82 83 85 86
D 119 37 2 21 120 40 122
D 118 33 2 19 70 64 119
D 101 31 2 17 102 68 118
D 8 23 3 9 14 93 95 12 101
L 125 18 -15
L 131 36 19
D 133 47 2 45 31 46 13
D 132 41 3 42 133 82 83 85 86
L 134 36 -19
D 130 37 2 131 132 134 81
D 129 33 2 19 70 64 130
D 128 31 2 17 18 68 129
D 135 31 2 17 90 68 129
D 127 25 2 15 128 88 135
D 141 47 2 45 30 46 13
D 140 41 3 42 141 82 83 85 86
D 139 37 2 131 140 134 98
D 138 33 2 19 70 64 139
D 137 31 2 17 18 68 138
D 142 31 2 17 90 68 138
D 136 25 2 15 137 88 142
D 126 23 3 9 127 93 136 12 101
D 6 19 2 7 8 125 126
L 143 10 -13
L 146 16 -11
L 147 16 11
D 145 17 2 146 125 147 13
D 152 53 2 27 31 32 50
D 151 41 2 42 152 58 50
D 155 53 2 32 29 27 13
D 154 43 2 23 152 36 155
D 153 41 2 42 154 58 121
D 150 37 2 21 151 40 153
D 156 37 2 40 121 21 50
D 149 33 2 64 150 19 156
D 159 41 2 42 152 58 31
D 161 43 2 23 31 36 13
D 160 41 2 42 154 58 161
D 158 37 2 21 159 40 160
D 163 41 2 58 31 42 50
D 164 41 2 42 121 58 161
D 162 37 2 21 163 40 164
D 157 33 2 64 158 19 162
D 166 41 2 42 29 58 13
D 167 41 2 42 155 58 13
D 165 33 2 19 166 64 167
D 148 23 3 9 149 93 157 12 165
L 171 26 20
L 172 26 -20
D 170 27 2 171 68 172 13
D 176 53 2 32 29 27 50
D 175 43 2 23 176 36 29
D 178 53 2 27 31 32 13
D 177 43 2 23 178 36 13
D 174 41 2 58 175 42 177
D 179 41 2 58 121 42 161
D 173 33 2 19 174 64 179
D 180 27 2 171 17 172 13
D 185 47 2 46 176 45 178
D 186 47 2 46 29 45 13
D 184 43 2 23 185 36 186
D 183 41 2 42 184 58 175
D 182 37 2 40 183 21 174
D 189 43 2 36 186 23 87
D 188 41 2 42 189 58 121
D 187 37 2 40 188 21 179
D 181 33 2 19 182 64 187
D 190 27 2 172 17 171 13
D 191 27 2 172 68 171 13
D 169 31 4 170 173 180 181 190 187 191 179
D 192 21 2 10 94 12 50
D 195 41 2 42 175 58 177
D 194 33 2 19 195 64 164
D 198 41 2 42 184 58 177
D 197 37 2 40 198 21 177
D 200 41 2 42 189 58 161
D 199 37 2 40 200 21 161
D 196 33 2 19 197 64 199
D 193 31 4 170 194 180 196 190 199 191 164
D 168 23 2 9 169 192 193
D 201 17 2 146 7 147 13
D 204 41 2 42 155 58 29
D 203 33 2 64 204 19 29
D 202 23 2 192 165 9 203
D 144 19 3 145 148 147 168 201 202
D 4 13 2 5 6 143 144
L 205 4 -1
D 213 47 2 33 108 25 50
D 215 51 2 61 108 62 13
D 216 51 2 62 84 61 50
D 214 47 2 33 215 25 216
D 212 41 2 42 213 58 214
D 217 47 2 25 84 33 13
D 211 37 2 40 212 21 217
D 221 47 2 25 73 33 50
D 220 41 2 72 221 74 50
D 222 51 2 77 32 73 50
D 219 37 2 40 220 21 222
D 223 41 3 82 83 42 87 85 33
D 218 33 2 19 219 64 223
D 210 31 2 17 211 68 218
D 229 53 2 27 30 32 29
D 228 47 2 25 229 33 155
D 227 43 2 23 228 36 217
D 231 47 2 25 113 33 32
D 233 53 2 27 30 32 31
D 234 53 2 32 31 27 13
D 232 47 2 25 233 33 234
D 230 43 2 23 231 36 232
D 226 41 2 72 227 74 230
D 236 39 2 72 42 74 13
D 237 39 2 74 42 72 13
D 238 47 2 33 110 25 27
D 235 41 3 236 213 58 214 237 238
D 225 37 2 21 226 40 235
D 224 31 2 17 225 68 218
D 209 25 2 88 210 15 224
D 242 41 3 82 83 42 99 85 33
D 241 33 2 19 219 64 242
D 240 31 2 17 211 68 241
D 243 31 2 17 225 68 241
D 239 25 2 88 240 15 243
D 248 43 2 36 107 23 112
D 249 43 2 36 215 23 216
D 247 41 3 236 248 58 249 237 115
D 251 43 2 23 233 36 234
D 250 41 2 74 251 72 116
D 246 37 2 40 247 21 250
D 254 41 3 82 83 42 121 85 33
D 255 41 3 42 123 82 83 85 33
D 253 37 2 21 254 40 255
D 252 33 2 19 219 64 253
D 245 31 2 17 246 68 252
D 258 41 2 42 248 58 249
D 257 37 2 40 258 21 116
D 256 31 2 17 257 68 252
D 244 25 2 15 245 88 256
D 208 23 3 9 209 93 239 12 244
D 264 41 3 42 133 82 83 85 33
D 263 37 2 131 264 134 223
D 262 33 2 19 219 64 263
D 261 31 2 17 211 68 262
D 265 31 2 17 225 68 262
D 260 25 2 88 261 15 265
D 270 41 3 42 141 82 83 85 33
D 269 37 2 131 270 134 242
D 268 33 2 19 219 64 269
D 267 31 2 17 211 68 268
D 271 31 2 17 225 68 268
D 266 25 2 88 267 15 271
D 259 23 3 9 260 93 266 12 244
D 207 19 2 7 208 125 259
L 273 12 14
D 272 11 2 143 273 5 13
D 277 43 2 23 73 36 13
D 276 41 2 74 277 72 23
D 278 41 2 74 277 72 13
D 275 37 2 134 276 131 278
D 274 33 2 64 275 19 23
L 280 12 -14
D 279 11 2 143 280 5 13
D 284 41 2 74 29 72 50
D 283 37 2 21 284 40 50
D 282 23 2 10 283 12 284
D 281 19 2 7 282 125 50
D 206 13 3 5 207 272 274 279 281
D 2 5 2 3 4 205 206
L 285 0 -24
L 287 2 25
L 291 6 22
L 292 6 -22
D 290 9 2 291 5 292 13
D 294 21 2 12 11 10 13
D 297 51 2 62 27 61 13
D 296 33 2 19 297 64 62
D 298 37 2 21 45 40 13
D 295 31 2 17 296 68 298
D 301 41 2 74 31 72 13
D 300 31 2 17 301 68 298
D 302 31 2 68 298 17 13
D 299 25 2 88 300 15 302
D 309 51 2 77 29 73 50
D 308 47 2 25 309 33 73
D 307 43 2 36 308 23 29
D 310 43 2 36 308 23 13
D 306 41 2 42 307 58 310
D 312 51 2 73 31 77 13
D 311 43 2 36 312 23 13
D 305 37 2 40 306 21 311
L 314 30 5
D 313 29 2 68 314 17 13
D 315 37 2 21 31 40 13
L 317 30 -5
D 316 29 2 68 317 17 13
D 304 31 3 17 305 313 315 316 21
D 319 37 2 40 306 21 13
D 318 31 3 17 319 313 315 316 21
D 303 25 2 88 304 15 318
D 293 23 3 294 295 9 299 94 303
D 320 9 2 292 5 291 13
D 324 41 2 72 45 74 13
D 323 37 2 21 324 40 13
D 322 31 2 17 296 68 323
D 325 31 2 68 323 17 13
D 321 23 3 294 322 94 303 9 325
D 326 9 2 291 143 292 13
D 332 35 2 21 134 40 13
D 333 43 2 36 46 23 50
D 334 35 2 40 134 21 13
D 335 43 2 23 45 36 13
D 331 37 3 332 333 334 335 131 13
D 338 47 2 46 31 45 50
D 339 47 2 46 31 45 13
D 337 43 2 23 338 36 339
D 336 37 3 334 335 332 337 131 13
D 330 31 2 314 331 317 336
D 342 47 2 45 62 46 50
D 343 35 2 21 131 40 50
D 344 47 2 45 62 46 13
D 341 37 2 332 342 343 344
D 345 37 3 332 338 334 45 131 13
D 340 31 2 314 341 317 345
D 329 25 2 15 330 88 340
D 346 21 2 12 94 10 13
D 349 37 2 332 333 343 335
D 350 37 2 343 335 332 337
D 348 31 2 314 349 317 350
D 347 25 2 88 340 15 348
D 352 47 2 33 73 25 50
D 351 25 2 88 352 15 50
D 355 51 2 61 27 62 13
D 354 43 2 36 355 23 29
D 357 51 2 61 27 62 50
D 356 43 2 36 357 23 29
D 353 41 2 72 354 74 356
D 328 23 4 294 329 346 347 9 351 93 353
D 358 17 2 147 125 146 13
D 360 25 2 88 352 15 13
D 359 23 4 294 329 346 347 93 353 9 360
D 364 47 2 45 110 46 49
D 366 53 2 32 30 27 50
D 365 47 2 45 366 46 50
D 363 37 2 134 364 131 365
D 367 29 2 171 314 172 13
D 368 37 2 134 49 131 50
D 369 29 2 171 317 172 13
D 370 37 2 134 110 131 366
D 362 31 3 172 363 367 368 369 370
D 361 23 3 294 329 346 347 10 362
D 371 17 2 147 7 146 13
D 373 31 3 172 365 369 366 367 50
D 372 23 3 294 329 346 347 10 373
D 327 19 4 145 328 358 359 201 361 371 372
D 374 9 2 292 143 291 13
L 377 14 -12
L 378 14 12
D 376 15 2 377 7 378 13
D 385 51 2 61 32 62 50
D 384 43 2 23 385 36 13
D 386 43 2 23 385 36 50
D 383 41 2 74 384 72 386
D 387 41 2 42 73 58 13
D 382 37 2 40 383 21 387
D 388 37 2 40 386 21 387
D 381 33 2 64 382 19 388
D 389 47 2 25 29 33 13
D 380 31 2 314 381 317 389
D 392 37 2 40 383 21 72
D 393 37 2 40 386 21 72
D 391 33 2 64 392 19 393
D 390 31 2 314 391 317 389
D 379 23 2 12 380 10 390
D 394 15 2 377 125 378 13
D 398 37 2 40 383 21 50
D 399 37 2 40 386 21 50
D 397 33 2 64 398 19 399
D 396 31 2 317 339 314 397
D 401 29 2 172 317 171 13
D 400 31 3 314 381 401 45 369 13
D 402 31 3 401 338 369 339 314 381
D 403 31 2 314 397 317 13
D 395 23 4 9 396 346 400 294 402 93 403
D 405 43 2 36 31 23 50
D 407 53 2 32 49 27 50
D 406 31 2 171 407 172 49
D 404 23 2 12 405 10 406
D 375 19 3 376 379 394 395 378 404
D 289 13 4 290 293 320 321 326 327 374 375
L 411 8 -23
D 410 7 2 292 411 291 13
L 413 8 23
D 412 7 2 292 413 291 50
D 409 9 2 410 5 412 13
D 418 43 2 36 61 23 50
D 417 33 2 64 418 19 50
D 420 41 2 58 418 42 61
D 422 43 2 23 61 36 50
D 421 41 2 42 422 58 50
D 419 33 2 64 420 19 421
D 416 31 3 17 305 313 417 316 419
D 423 31 3 313 417 316 419 17 319
D 415 25 2 88 416 15 423
D 424 31 3 17 297 316 421 313 50
D 425 31 3 316 421 313 50 17 13
D 414 23 3 94 415 294 424 9 425
D 427 7 2 292 413 291 13
D 428 7 2 292 411 291 50
D 426 9 2 427 5 428 13
D 433 47 2 45 62 46 49
D 432 31 3 17 319 313 433 316 344
D 436 47 2 46 49 45 50
D 437 47 2 46 49 45 13
D 435 37 2 40 436 21 437
D 434 31 3 17 305 313 435 316 13
D 431 25 2 15 432 88 434
D 439 31 3 17 297 313 433 316 344
D 440 31 3 313 435 17 297 316 13
D 438 25 2 15 439 88 440
D 443 29 2 68 317 17 50
D 442 31 2 313 435 443 13
D 444 31 3 313 433 316 344 17 13
D 441 25 2 88 442 15 444
D 430 23 3 94 431 294 438 9 441
D 447 31 3 17 319 313 437 316 13
D 446 25 2 88 434 15 447
D 449 31 3 17 297 313 437 316 13
D 448 25 2 88 440 15 449
D 451 31 2 313 437 443 13
D 450 25 2 15 451 88 442
D 445 23 3 94 446 294 448 9 450
D 429 19 2 125 430 7 445
D 453 7 2 291 411 292 13
D 454 7 2 291 413 292 50
D 452 9 2 453 5 454 13
D 457 31 3 17 301 316 421 313 50
D 456 25 2 88 457 15 425
D 455 23 3 94 415 9 456 294 424
D 459 7 2 291 413 292 13
D 460 7 2 291 411 292 50
D 458 9 2 459 5 460 13
D 464 31 3 313 435 17 301 316 13
D 463 25 2 88 464 15 444
D 462 23 3 94 431 294 438 9 463
D 466 25 2 88 464 15 451
D 465 23 3 94 446 294 448 9 466
D 461 19 2 125 462 7 465
D 472 47 2 46 30 45 50
D 471 37 3 334 472 131 45 332 50
D 473 37 3 334 472 332 338 131 45
D 470 31 2 314 471 317 473
D 477 47 2 46 30 45 13
D 476 43 2 36 477 23 472
D 475 37 3 332 337 334 476 131 13
D 478 37 3 332 333 334 476 131 13
D 474 31 2 317 475 314 478
D 469 25 2 88 470 15 474
D 481 37 3 131 335 332 337 334 476
D 482 37 3 332 333 131 335 334 476
D 480 31 2 317 481 314 482
D 479 25 2 88 470 15 480
D 484 43 2 36 355 23 50
D 485 43 2 36 357 23 50
D 483 41 2 72 484 74 485
D 468 23 4 294 469 346 479 93 483 9 360
D 486 23 3 294 469 346 479 10 373
D 467 19 2 125 468 7 486
D 489 31 2 314 381 317 407
D 490 31 2 314 391 317 407
D 488 23 2 12 489 10 490
D 492 31 2 317 30 314 13
D 493 29 2 68 314 17 50
D 491 23 3 12 405 9 492 93 493
D 487 19 3 394 395 376 488 378 491
D 408 13 6 409 414 426 429 452 455 458 461 326 467 374 487
D 288 5 2 3 289 205 408
L 494 2 -25
D 501 41 2 42 45 58 50
D 500 37 2 40 501 21 324
D 499 31 2 68 500 17 296
D 505 47 2 45 27 46 13
D 506 47 2 45 27 46 50
D 504 41 2 42 505 58 506
D 503 37 2 40 504 21 324
D 502 31 2 68 503 17 296
D 498 25 2 88 499 15 502
D 510 37 2 40 310 21 311
D 512 43 2 36 312 23 45
D 513 43 2 36 308 23 45
D 511 37 2 21 512 40 513
D 509 33 2 64 510 19 511
D 514 37 2 40 501 21 339
D 508 31 2 17 509 68 514
D 517 37 2 40 513 21 335
D 518 37 2 40 310 21 13
D 516 33 2 19 517 64 518
D 519 37 2 40 504 21 339
D 515 31 2 17 516 68 519
D 507 25 2 88 508 15 515
D 521 31 2 68 503 17 13
D 522 31 2 68 500 17 13
D 520 25 2 15 521 88 522
D 497 23 3 294 498 94 507 9 520
D 526 37 2 40 505 21 45
D 525 31 2 68 526 17 296
D 527 31 2 17 296 68 45
D 524 25 2 15 525 88 527
D 529 31 2 17 301 68 45
D 530 31 2 68 526 17 13
D 528 25 2 88 529 15 530
D 533 37 2 21 339 40 45
D 532 31 2 17 509 68 533
D 535 37 2 40 505 21 339
D 534 31 2 17 516 68 535
D 531 25 2 88 532 15 534
D 523 23 3 294 524 9 528 94 531
D 496 13 4 320 497 290 523 326 327 374 375
D 541 43 2 36 308 23 33
D 540 37 2 40 541 21 311
D 539 31 3 17 540 313 417 316 419
D 543 37 2 40 541 21 13
D 542 31 3 313 417 316 419 17 543
D 538 25 2 88 539 15 542
D 537 23 3 294 424 94 538 9 425
D 544 23 3 9 456 294 424 94 538
D 548 31 3 17 543 313 433 316 344
D 549 31 3 17 540 313 435 316 13
D 547 25 2 15 548 88 549
D 546 23 3 294 438 94 547 9 441
D 552 31 3 17 543 313 437 316 13
D 551 25 2 88 549 15 552
D 550 23 3 294 448 94 551 9 450
D 545 19 2 125 546 7 550
D 554 23 3 294 438 9 463 94 547
D 555 23 3 294 448 9 466 94 551
D 553 19 2 125 554 7 555
D 536 13 6 409 537 452 544 426 545 458 553 326 467 374 487
D 495 5 2 3 496 205 536
D 286 3 2 287 288 494 495
D 0 1 2 1 2 285 286
