c ids of sdd nodes start at 0
c sdd nodes appear bottom-up, children before parents
c
c file syntax:
c sdd count-of-sdd-nodes
c F id-of-false-sdd-node
c T id-of-true-sdd-node
c L id-of-literal-sdd-node id-of-vtree literal
c D id-of-decomposition-sdd-node id-of-vtree number-of-elements {id-of-prime id-of-sub}*
c
sdd 109
L 2 0 24
L 4 4 26
L 5 6 -27
L 6 4 -26
F 7
D 3 5 2 4 5 6 7
L 8 0 -24
D 1 3 2 2 3 8 7
L 10 8 -14
L 12 18 -2
L 14 24 -20
L 16 30 5
L 18 34 8
L 20 42 -17
L 21 48 -11
L 22 42 17
D 19 45 2 20 21 22 7
L 23 34 -8
T 24
D 17 37 2 18 19 23 24
L 25 30 -5
D 26 37 2 18 20 23 24
D 15 33 2 16 17 25 26
L 27 24 20
L 29 28 -23
L 31 50 -12
D 30 45 2 22 31 20 24
L 32 28 23
D 28 33 2 29 30 32 7
D 13 25 2 14 15 27 28
L 33 18 2
D 35 33 2 25 26 16 23
L 38 26 -22
L 39 26 22
D 37 29 2 38 25 39 7
L 41 36 9
L 43 40 -4
L 45 46 10
L 46 46 -10
D 44 47 2 45 21 46 7
L 47 40 4
D 42 41 2 43 44 47 21
L 48 36 -9
D 40 37 2 41 42 48 21
D 49 29 2 38 16 39 7
D 50 37 2 23 19 18 7
D 36 33 3 37 40 49 50 39 21
D 34 25 2 14 35 27 36
D 11 21 2 12 13 33 34
L 51 8 14
L 53 20 3
L 57 44 18
L 58 48 11
L 59 44 -18
D 56 45 2 57 58 59 24
D 55 37 2 23 56 18 7
D 61 45 2 59 21 57 7
D 60 37 2 23 61 18 47
D 54 25 2 27 55 14 60
L 62 20 -3
D 52 21 2 53 54 62 7
D 9 13 2 10 11 51 52
D 64 5 2 6 5 4 7
D 63 3 2 2 64 8 7
D 68 33 2 16 23 25 24
D 67 25 2 14 68 27 36
D 66 21 2 33 67 12 24
D 65 13 2 10 66 51 52
D 69 3 2 8 3 2 7
D 74 37 2 41 43 48 7
D 75 29 2 39 16 38 7
D 73 33 3 25 74 75 24 49 7
D 77 45 2 22 21 20 24
D 76 33 3 25 77 75 24 49 7
D 72 25 2 27 73 14 76
D 71 21 2 53 72 62 7
D 70 13 2 10 11 51 71
D 78 3 2 8 64 2 7
D 79 13 2 10 66 51 71
L 82 6 27
D 81 5 2 4 82 6 7
D 80 3 2 8 81 2 7
L 85 14 21
L 87 16 1
D 89 41 2 47 77 43 24
D 90 29 2 39 25 38 24
D 91 41 2 47 77 43 7
D 88 33 2 75 89 90 91
L 92 16 -1
D 94 41 2 47 77 43 21
D 93 33 2 75 94 90 91
D 86 21 2 87 88 92 93
L 95 14 -21
D 97 37 2 41 57 48 7
L 99 32 -6
L 100 32 6
D 98 33 2 99 97 100 41
D 96 21 2 62 97 53 98
D 84 15 2 85 86 95 96
D 83 13 2 51 84 10 11
D 102 5 2 6 82 4 7
D 101 3 2 8 102 2 7
D 103 13 2 51 84 10 66
D 104 3 2 2 81 8 7
D 106 15 2 95 96 85 24
D 105 13 2 51 106 10 11
D 107 3 2 2 102 8 7
D 108 13 2 51 106 10 66
D 0 7 8 1 9 63 65 69 70 78 79 80 83 101 103 104 105 107 108
